t,MV,PV,DV
0.000000000000000000e+00,3.000000000000000000e+01,4.117000000000000171e+01,5.000000000000000000e+01
1.000000000000000000e+00,3.000000000000000000e+01,4.117000000000000171e+01,5.000000000000000000e+01
2.000000000000000000e+00,3.000000000000000000e+01,4.103999999999999915e+01,5.000000000000000000e+01
3.000000000000000000e+00,3.000000000000000000e+01,4.107000000000000028e+01,5.000000000000000000e+01
4.000000000000000000e+00,3.000000000000000000e+01,4.100999999999999801e+01,5.000000000000000000e+01
5.000000000000000000e+00,3.000000000000000000e+01,4.120000000000000284e+01,5.000000000000000000e+01
6.000000000000000000e+00,3.000000000000000000e+01,4.100999999999999801e+01,5.000000000000000000e+01
7.000000000000000000e+00,3.000000000000000000e+01,4.110000000000000142e+01,5.000000000000000000e+01
8.000000000000000000e+00,3.000000000000000000e+01,4.107000000000000028e+01,5.000000000000000000e+01
9.000000000000000000e+00,3.000000000000000000e+01,4.114000000000000057e+01,5.000000000000000000e+01
1.000000000000000000e+01,3.000000000000000000e+01,4.110000000000000142e+01,5.000000000000000000e+01
1.100000000000000000e+01,3.000000000000000000e+01,4.117000000000000171e+01,5.000000000000000000e+01
1.200000000000000000e+01,3.000000000000000000e+01,4.120000000000000284e+01,5.000000000000000000e+01
1.300000000000000000e+01,3.000000000000000000e+01,4.117000000000000171e+01,5.000000000000000000e+01
1.400000000000000000e+01,3.000000000000000000e+01,4.122999999999999687e+01,5.000000000000000000e+01
1.500000000000000000e+01,3.000000000000000000e+01,4.122999999999999687e+01,5.000000000000000000e+01
1.600000000000000000e+01,3.000000000000000000e+01,4.127000000000000313e+01,5.000000000000000000e+01
1.700000000000000000e+01,3.000000000000000000e+01,4.120000000000000284e+01,5.000000000000000000e+01
1.800000000000000000e+01,7.000000000000000000e+01,4.127000000000000313e+01,5.000000000000000000e+01
1.900000000000000000e+01,7.000000000000000000e+01,4.122999999999999687e+01,5.000000000000000000e+01
2.000000000000000000e+01,7.000000000000000000e+01,4.122999999999999687e+01,5.000000000000000000e+01
2.100000000000000000e+01,7.000000000000000000e+01,4.122999999999999687e+01,5.000000000000000000e+01
2.200000000000000000e+01,7.000000000000000000e+01,4.127000000000000313e+01,5.000000000000000000e+01
2.300000000000000000e+01,7.000000000000000000e+01,4.129999999999999716e+01,5.000000000000000000e+01
2.400000000000000000e+01,7.000000000000000000e+01,4.129999999999999716e+01,5.000000000000000000e+01
2.500000000000000000e+01,7.000000000000000000e+01,4.120000000000000284e+01,5.000000000000000000e+01
2.600000000000000000e+01,7.000000000000000000e+01,4.122999999999999687e+01,5.000000000000000000e+01
2.700000000000000000e+01,7.000000000000000000e+01,4.135999999999999943e+01,5.000000000000000000e+01
2.800000000000000000e+01,7.000000000000000000e+01,4.122999999999999687e+01,5.000000000000000000e+01
2.900000000000000000e+01,7.000000000000000000e+01,4.132999999999999829e+01,5.000000000000000000e+01
3.000000000000000000e+01,7.000000000000000000e+01,4.129999999999999716e+01,5.000000000000000000e+01
3.100000000000000000e+01,7.000000000000000000e+01,4.135999999999999943e+01,5.000000000000000000e+01
3.200000000000000000e+01,7.000000000000000000e+01,4.139000000000000057e+01,5.000000000000000000e+01
3.300000000000000000e+01,7.000000000000000000e+01,4.146000000000000085e+01,5.000000000000000000e+01
3.400000000000000000e+01,7.000000000000000000e+01,4.152000000000000313e+01,5.000000000000000000e+01
3.500000000000000000e+01,7.000000000000000000e+01,4.159000000000000341e+01,5.000000000000000000e+01
3.600000000000000000e+01,7.000000000000000000e+01,4.161999999999999744e+01,5.000000000000000000e+01
3.700000000000000000e+01,7.000000000000000000e+01,4.164999999999999858e+01,5.000000000000000000e+01
3.800000000000000000e+01,7.000000000000000000e+01,4.164999999999999858e+01,5.000000000000000000e+01
3.900000000000000000e+01,7.000000000000000000e+01,4.167999999999999972e+01,5.000000000000000000e+01
4.000000000000000000e+01,7.000000000000000000e+01,4.185000000000000142e+01,5.000000000000000000e+01
4.100000000000000000e+01,7.000000000000000000e+01,4.190999999999999659e+01,5.000000000000000000e+01
4.200000000000000000e+01,7.000000000000000000e+01,4.188000000000000256e+01,5.000000000000000000e+01
4.300000000000000000e+01,7.000000000000000000e+01,4.190999999999999659e+01,5.000000000000000000e+01
4.400000000000000000e+01,7.000000000000000000e+01,4.188000000000000256e+01,5.000000000000000000e+01
4.500000000000000000e+01,7.000000000000000000e+01,4.190999999999999659e+01,5.000000000000000000e+01
4.600000000000000000e+01,7.000000000000000000e+01,4.203999999999999915e+01,5.000000000000000000e+01
4.700000000000000000e+01,7.000000000000000000e+01,4.207000000000000028e+01,5.000000000000000000e+01
4.800000000000000000e+01,7.000000000000000000e+01,4.214000000000000057e+01,5.000000000000000000e+01
4.900000000000000000e+01,7.000000000000000000e+01,4.217000000000000171e+01,5.000000000000000000e+01
5.000000000000000000e+01,7.000000000000000000e+01,4.222999999999999687e+01,5.000000000000000000e+01
5.100000000000000000e+01,7.000000000000000000e+01,4.225999999999999801e+01,5.000000000000000000e+01
5.200000000000000000e+01,7.000000000000000000e+01,4.235999999999999943e+01,5.000000000000000000e+01
5.300000000000000000e+01,7.000000000000000000e+01,4.239000000000000057e+01,5.000000000000000000e+01
5.400000000000000000e+01,7.000000000000000000e+01,4.254999999999999716e+01,5.000000000000000000e+01
5.500000000000000000e+01,7.000000000000000000e+01,4.254999999999999716e+01,5.000000000000000000e+01
5.600000000000000000e+01,7.000000000000000000e+01,4.267999999999999972e+01,5.000000000000000000e+01
5.700000000000000000e+01,7.000000000000000000e+01,4.271999999999999886e+01,5.000000000000000000e+01
5.800000000000000000e+01,7.000000000000000000e+01,4.281000000000000227e+01,5.000000000000000000e+01
5.900000000000000000e+01,7.000000000000000000e+01,4.281000000000000227e+01,5.000000000000000000e+01
6.000000000000000000e+01,7.000000000000000000e+01,4.281000000000000227e+01,5.000000000000000000e+01
6.100000000000000000e+01,7.000000000000000000e+01,4.290999999999999659e+01,5.000000000000000000e+01
6.200000000000000000e+01,7.000000000000000000e+01,4.293999999999999773e+01,5.000000000000000000e+01
6.300000000000000000e+01,7.000000000000000000e+01,4.303999999999999915e+01,5.000000000000000000e+01
6.400000000000000000e+01,7.000000000000000000e+01,4.303999999999999915e+01,5.000000000000000000e+01
6.500000000000000000e+01,7.000000000000000000e+01,4.313000000000000256e+01,5.000000000000000000e+01
6.600000000000000000e+01,7.000000000000000000e+01,4.313000000000000256e+01,5.000000000000000000e+01
6.700000000000000000e+01,7.000000000000000000e+01,4.322999999999999687e+01,5.000000000000000000e+01
6.800000000000000000e+01,7.000000000000000000e+01,4.329999999999999716e+01,5.000000000000000000e+01
6.900000000000000000e+01,7.000000000000000000e+01,4.335999999999999943e+01,5.000000000000000000e+01
7.000000000000000000e+01,7.000000000000000000e+01,4.342000000000000171e+01,5.000000000000000000e+01
7.100000000000000000e+01,7.000000000000000000e+01,4.349000000000000199e+01,5.000000000000000000e+01
7.200000000000000000e+01,7.000000000000000000e+01,4.354999999999999716e+01,5.000000000000000000e+01
7.300000000000000000e+01,7.000000000000000000e+01,4.371000000000000085e+01,5.000000000000000000e+01
7.400000000000000000e+01,7.000000000000000000e+01,4.375000000000000000e+01,5.000000000000000000e+01
7.500000000000000000e+01,7.000000000000000000e+01,4.388000000000000256e+01,5.000000000000000000e+01
7.600000000000000000e+01,7.000000000000000000e+01,4.378000000000000114e+01,5.000000000000000000e+01
7.700000000000000000e+01,7.000000000000000000e+01,4.390999999999999659e+01,5.000000000000000000e+01
7.800000000000000000e+01,7.000000000000000000e+01,4.403999999999999915e+01,5.000000000000000000e+01
7.900000000000000000e+01,7.000000000000000000e+01,4.396999999999999886e+01,5.000000000000000000e+01
8.000000000000000000e+01,7.000000000000000000e+01,4.407000000000000028e+01,5.000000000000000000e+01
8.100000000000000000e+01,7.000000000000000000e+01,4.422999999999999687e+01,5.000000000000000000e+01
8.200000000000000000e+01,7.000000000000000000e+01,4.410000000000000142e+01,5.000000000000000000e+01
8.300000000000000000e+01,7.000000000000000000e+01,4.422999999999999687e+01,5.000000000000000000e+01
8.400000000000000000e+01,7.000000000000000000e+01,4.425999999999999801e+01,5.000000000000000000e+01
8.500000000000000000e+01,7.000000000000000000e+01,4.432999999999999829e+01,5.000000000000000000e+01
8.600000000000000000e+01,7.000000000000000000e+01,4.442000000000000171e+01,5.000000000000000000e+01
8.700000000000000000e+01,7.000000000000000000e+01,4.452000000000000313e+01,5.000000000000000000e+01
8.800000000000000000e+01,7.000000000000000000e+01,4.454999999999999716e+01,5.000000000000000000e+01
8.900000000000000000e+01,7.000000000000000000e+01,4.461999999999999744e+01,5.000000000000000000e+01
9.000000000000000000e+01,7.000000000000000000e+01,4.475000000000000000e+01,5.000000000000000000e+01
9.100000000000000000e+01,7.000000000000000000e+01,4.471000000000000085e+01,5.000000000000000000e+01
9.200000000000000000e+01,7.000000000000000000e+01,4.481000000000000227e+01,5.000000000000000000e+01
9.300000000000000000e+01,7.000000000000000000e+01,4.478000000000000114e+01,5.000000000000000000e+01
9.400000000000000000e+01,7.000000000000000000e+01,4.488000000000000256e+01,5.000000000000000000e+01
9.500000000000000000e+01,7.000000000000000000e+01,4.496999999999999886e+01,5.000000000000000000e+01
9.600000000000000000e+01,7.000000000000000000e+01,4.503999999999999915e+01,5.000000000000000000e+01
9.700000000000000000e+01,7.000000000000000000e+01,4.507000000000000028e+01,5.000000000000000000e+01
9.800000000000000000e+01,7.000000000000000000e+01,4.507000000000000028e+01,5.000000000000000000e+01
9.900000000000000000e+01,7.000000000000000000e+01,4.513000000000000256e+01,5.000000000000000000e+01
1.000000000000000000e+02,7.000000000000000000e+01,4.517000000000000171e+01,5.000000000000000000e+01
1.010000000000000000e+02,7.000000000000000000e+01,4.522999999999999687e+01,5.000000000000000000e+01
1.020000000000000000e+02,7.000000000000000000e+01,4.535999999999999943e+01,5.000000000000000000e+01
1.030000000000000000e+02,7.000000000000000000e+01,4.542000000000000171e+01,5.000000000000000000e+01
1.040000000000000000e+02,7.000000000000000000e+01,4.542000000000000171e+01,5.000000000000000000e+01
1.050000000000000000e+02,7.000000000000000000e+01,4.542000000000000171e+01,5.000000000000000000e+01
1.060000000000000000e+02,7.000000000000000000e+01,4.564999999999999858e+01,5.000000000000000000e+01
1.070000000000000000e+02,7.000000000000000000e+01,4.561999999999999744e+01,5.000000000000000000e+01
1.080000000000000000e+02,7.000000000000000000e+01,4.561999999999999744e+01,5.000000000000000000e+01
1.090000000000000000e+02,7.000000000000000000e+01,4.571000000000000085e+01,5.000000000000000000e+01
1.100000000000000000e+02,7.000000000000000000e+01,4.571000000000000085e+01,5.000000000000000000e+01
1.110000000000000000e+02,7.000000000000000000e+01,4.581000000000000227e+01,5.000000000000000000e+01
1.120000000000000000e+02,7.000000000000000000e+01,4.578000000000000114e+01,5.000000000000000000e+01
1.130000000000000000e+02,7.000000000000000000e+01,4.586999999999999744e+01,5.000000000000000000e+01
1.140000000000000000e+02,7.000000000000000000e+01,4.590999999999999659e+01,5.000000000000000000e+01
1.150000000000000000e+02,7.000000000000000000e+01,4.593999999999999773e+01,5.000000000000000000e+01
1.160000000000000000e+02,7.000000000000000000e+01,4.600000000000000000e+01,5.000000000000000000e+01
1.170000000000000000e+02,7.000000000000000000e+01,4.603999999999999915e+01,5.000000000000000000e+01
1.180000000000000000e+02,7.000000000000000000e+01,4.613000000000000256e+01,5.000000000000000000e+01
1.190000000000000000e+02,7.000000000000000000e+01,4.620000000000000284e+01,5.000000000000000000e+01
1.200000000000000000e+02,7.000000000000000000e+01,4.615999999999999659e+01,5.000000000000000000e+01
1.210000000000000000e+02,7.000000000000000000e+01,4.625999999999999801e+01,5.000000000000000000e+01
1.220000000000000000e+02,7.000000000000000000e+01,4.635999999999999943e+01,5.000000000000000000e+01
1.230000000000000000e+02,7.000000000000000000e+01,4.632999999999999829e+01,5.000000000000000000e+01
1.240000000000000000e+02,7.000000000000000000e+01,4.635999999999999943e+01,5.000000000000000000e+01
1.250000000000000000e+02,7.000000000000000000e+01,4.652000000000000313e+01,5.000000000000000000e+01
1.260000000000000000e+02,7.000000000000000000e+01,4.649000000000000199e+01,5.000000000000000000e+01
1.270000000000000000e+02,7.000000000000000000e+01,4.654999999999999716e+01,5.000000000000000000e+01
1.280000000000000000e+02,7.000000000000000000e+01,4.664999999999999858e+01,5.000000000000000000e+01
1.290000000000000000e+02,7.000000000000000000e+01,4.667999999999999972e+01,5.000000000000000000e+01
1.300000000000000000e+02,7.000000000000000000e+01,4.674000000000000199e+01,5.000000000000000000e+01
1.310000000000000000e+02,7.000000000000000000e+01,4.681000000000000227e+01,5.000000000000000000e+01
1.320000000000000000e+02,7.000000000000000000e+01,4.684000000000000341e+01,5.000000000000000000e+01
1.330000000000000000e+02,7.000000000000000000e+01,4.684000000000000341e+01,5.000000000000000000e+01
1.340000000000000000e+02,7.000000000000000000e+01,4.690999999999999659e+01,5.000000000000000000e+01
1.350000000000000000e+02,7.000000000000000000e+01,4.696999999999999886e+01,5.000000000000000000e+01
1.360000000000000000e+02,7.000000000000000000e+01,4.696999999999999886e+01,5.000000000000000000e+01
1.370000000000000000e+02,7.000000000000000000e+01,4.700000000000000000e+01,5.000000000000000000e+01
1.380000000000000000e+02,7.000000000000000000e+01,4.707000000000000028e+01,5.000000000000000000e+01
1.390000000000000000e+02,7.000000000000000000e+01,4.703000000000000114e+01,5.000000000000000000e+01
1.400000000000000000e+02,7.000000000000000000e+01,4.710000000000000142e+01,5.000000000000000000e+01
1.410000000000000000e+02,7.000000000000000000e+01,4.722999999999999687e+01,5.000000000000000000e+01
1.420000000000000000e+02,7.000000000000000000e+01,4.725999999999999801e+01,5.000000000000000000e+01
1.430000000000000000e+02,7.000000000000000000e+01,4.735999999999999943e+01,5.000000000000000000e+01
1.440000000000000000e+02,7.000000000000000000e+01,4.732000000000000028e+01,5.000000000000000000e+01
1.450000000000000000e+02,7.000000000000000000e+01,4.732000000000000028e+01,5.000000000000000000e+01
1.460000000000000000e+02,7.000000000000000000e+01,4.749000000000000199e+01,5.000000000000000000e+01
1.470000000000000000e+02,7.000000000000000000e+01,4.754999999999999716e+01,5.000000000000000000e+01
1.480000000000000000e+02,7.000000000000000000e+01,4.757999999999999829e+01,5.000000000000000000e+01
1.490000000000000000e+02,7.000000000000000000e+01,4.767999999999999972e+01,5.000000000000000000e+01
1.500000000000000000e+02,7.000000000000000000e+01,4.764999999999999858e+01,5.000000000000000000e+01
1.510000000000000000e+02,7.000000000000000000e+01,4.767999999999999972e+01,5.000000000000000000e+01
1.520000000000000000e+02,7.000000000000000000e+01,4.778000000000000114e+01,5.000000000000000000e+01
1.530000000000000000e+02,7.000000000000000000e+01,4.778000000000000114e+01,5.000000000000000000e+01
1.540000000000000000e+02,7.000000000000000000e+01,4.786999999999999744e+01,5.000000000000000000e+01
1.550000000000000000e+02,7.000000000000000000e+01,4.784000000000000341e+01,5.000000000000000000e+01
1.560000000000000000e+02,7.000000000000000000e+01,4.796999999999999886e+01,5.000000000000000000e+01
1.570000000000000000e+02,7.000000000000000000e+01,4.796999999999999886e+01,5.000000000000000000e+01
1.580000000000000000e+02,7.000000000000000000e+01,4.807000000000000028e+01,5.000000000000000000e+01
1.590000000000000000e+02,7.000000000000000000e+01,4.807000000000000028e+01,5.000000000000000000e+01
1.600000000000000000e+02,7.000000000000000000e+01,4.815999999999999659e+01,5.000000000000000000e+01
1.610000000000000000e+02,7.000000000000000000e+01,4.822999999999999687e+01,5.000000000000000000e+01
1.620000000000000000e+02,7.000000000000000000e+01,4.828999999999999915e+01,5.000000000000000000e+01
1.630000000000000000e+02,7.000000000000000000e+01,4.828999999999999915e+01,5.000000000000000000e+01
1.640000000000000000e+02,7.000000000000000000e+01,4.832000000000000028e+01,5.000000000000000000e+01
1.650000000000000000e+02,7.000000000000000000e+01,4.845000000000000284e+01,5.000000000000000000e+01
1.660000000000000000e+02,7.000000000000000000e+01,4.842000000000000171e+01,5.000000000000000000e+01
1.670000000000000000e+02,7.000000000000000000e+01,4.847999999999999687e+01,5.000000000000000000e+01
1.680000000000000000e+02,7.000000000000000000e+01,4.847999999999999687e+01,5.000000000000000000e+01
1.690000000000000000e+02,7.000000000000000000e+01,4.857999999999999829e+01,5.000000000000000000e+01
1.700000000000000000e+02,7.000000000000000000e+01,4.860999999999999943e+01,5.000000000000000000e+01
1.710000000000000000e+02,7.000000000000000000e+01,4.864999999999999858e+01,5.000000000000000000e+01
1.720000000000000000e+02,7.000000000000000000e+01,4.860999999999999943e+01,5.000000000000000000e+01
1.730000000000000000e+02,7.000000000000000000e+01,4.874000000000000199e+01,5.000000000000000000e+01
1.740000000000000000e+02,7.000000000000000000e+01,4.877000000000000313e+01,5.000000000000000000e+01
1.750000000000000000e+02,7.000000000000000000e+01,4.884000000000000341e+01,5.000000000000000000e+01
1.760000000000000000e+02,7.000000000000000000e+01,4.884000000000000341e+01,5.000000000000000000e+01
1.770000000000000000e+02,7.000000000000000000e+01,4.896999999999999886e+01,5.000000000000000000e+01
1.780000000000000000e+02,7.000000000000000000e+01,4.893999999999999773e+01,5.000000000000000000e+01
1.790000000000000000e+02,7.000000000000000000e+01,4.903000000000000114e+01,5.000000000000000000e+01
1.800000000000000000e+02,7.000000000000000000e+01,4.903000000000000114e+01,5.000000000000000000e+01
1.810000000000000000e+02,7.000000000000000000e+01,4.910000000000000142e+01,5.000000000000000000e+01
1.820000000000000000e+02,7.000000000000000000e+01,4.903000000000000114e+01,5.000000000000000000e+01
1.830000000000000000e+02,7.000000000000000000e+01,4.910000000000000142e+01,5.000000000000000000e+01
1.840000000000000000e+02,7.000000000000000000e+01,4.918999999999999773e+01,5.000000000000000000e+01
1.850000000000000000e+02,7.000000000000000000e+01,4.913000000000000256e+01,5.000000000000000000e+01
1.860000000000000000e+02,7.000000000000000000e+01,4.918999999999999773e+01,5.000000000000000000e+01
1.870000000000000000e+02,7.000000000000000000e+01,4.932000000000000028e+01,5.000000000000000000e+01
1.880000000000000000e+02,7.000000000000000000e+01,4.925999999999999801e+01,5.000000000000000000e+01
1.890000000000000000e+02,7.000000000000000000e+01,4.932000000000000028e+01,5.000000000000000000e+01
1.900000000000000000e+02,7.000000000000000000e+01,4.928999999999999915e+01,5.000000000000000000e+01
1.910000000000000000e+02,7.000000000000000000e+01,4.935000000000000142e+01,5.000000000000000000e+01
1.920000000000000000e+02,7.000000000000000000e+01,4.945000000000000284e+01,5.000000000000000000e+01
1.930000000000000000e+02,7.000000000000000000e+01,4.957999999999999829e+01,5.000000000000000000e+01
1.940000000000000000e+02,7.000000000000000000e+01,4.960999999999999943e+01,5.000000000000000000e+01
1.950000000000000000e+02,7.000000000000000000e+01,4.960999999999999943e+01,5.000000000000000000e+01
1.960000000000000000e+02,7.000000000000000000e+01,4.960999999999999943e+01,5.000000000000000000e+01
1.970000000000000000e+02,7.000000000000000000e+01,4.977000000000000313e+01,5.000000000000000000e+01
1.980000000000000000e+02,7.000000000000000000e+01,4.986999999999999744e+01,5.000000000000000000e+01
1.990000000000000000e+02,7.000000000000000000e+01,4.977000000000000313e+01,5.000000000000000000e+01
2.000000000000000000e+02,7.000000000000000000e+01,4.981000000000000227e+01,5.000000000000000000e+01
2.010000000000000000e+02,7.000000000000000000e+01,4.981000000000000227e+01,5.000000000000000000e+01
2.020000000000000000e+02,7.000000000000000000e+01,4.989999999999999858e+01,5.000000000000000000e+01
2.030000000000000000e+02,7.000000000000000000e+01,4.992999999999999972e+01,5.000000000000000000e+01
2.040000000000000000e+02,7.000000000000000000e+01,4.989999999999999858e+01,5.000000000000000000e+01
2.050000000000000000e+02,7.000000000000000000e+01,4.989999999999999858e+01,5.000000000000000000e+01
2.060000000000000000e+02,7.000000000000000000e+01,5.000000000000000000e+01,5.000000000000000000e+01
2.070000000000000000e+02,7.000000000000000000e+01,4.996999999999999886e+01,5.000000000000000000e+01
2.080000000000000000e+02,7.000000000000000000e+01,5.000000000000000000e+01,5.000000000000000000e+01
2.090000000000000000e+02,7.000000000000000000e+01,5.006000000000000227e+01,5.000000000000000000e+01
2.100000000000000000e+02,7.000000000000000000e+01,5.018999999999999773e+01,5.000000000000000000e+01
2.110000000000000000e+02,7.000000000000000000e+01,5.015999999999999659e+01,5.000000000000000000e+01
2.120000000000000000e+02,7.000000000000000000e+01,5.018999999999999773e+01,5.000000000000000000e+01
2.130000000000000000e+02,7.000000000000000000e+01,5.025999999999999801e+01,5.000000000000000000e+01
2.140000000000000000e+02,7.000000000000000000e+01,5.015999999999999659e+01,5.000000000000000000e+01
2.150000000000000000e+02,7.000000000000000000e+01,5.028999999999999915e+01,5.000000000000000000e+01
2.160000000000000000e+02,7.000000000000000000e+01,5.025999999999999801e+01,5.000000000000000000e+01
2.170000000000000000e+02,7.000000000000000000e+01,5.032000000000000028e+01,5.000000000000000000e+01
2.180000000000000000e+02,7.000000000000000000e+01,5.025999999999999801e+01,5.000000000000000000e+01
2.190000000000000000e+02,7.000000000000000000e+01,5.039000000000000057e+01,5.000000000000000000e+01
2.200000000000000000e+02,7.000000000000000000e+01,5.042000000000000171e+01,5.000000000000000000e+01
2.210000000000000000e+02,7.000000000000000000e+01,5.050999999999999801e+01,5.000000000000000000e+01
2.220000000000000000e+02,7.000000000000000000e+01,5.042000000000000171e+01,5.000000000000000000e+01
2.230000000000000000e+02,7.000000000000000000e+01,5.057999999999999829e+01,5.000000000000000000e+01
2.240000000000000000e+02,7.000000000000000000e+01,5.060999999999999943e+01,5.000000000000000000e+01
2.250000000000000000e+02,7.000000000000000000e+01,5.057999999999999829e+01,5.000000000000000000e+01
2.260000000000000000e+02,7.000000000000000000e+01,5.064000000000000057e+01,5.000000000000000000e+01
2.270000000000000000e+02,7.000000000000000000e+01,5.071000000000000085e+01,5.000000000000000000e+01
2.280000000000000000e+02,7.000000000000000000e+01,5.084000000000000341e+01,5.000000000000000000e+01
2.290000000000000000e+02,7.000000000000000000e+01,5.077000000000000313e+01,5.000000000000000000e+01
2.300000000000000000e+02,7.000000000000000000e+01,5.084000000000000341e+01,5.000000000000000000e+01
2.310000000000000000e+02,7.000000000000000000e+01,5.077000000000000313e+01,5.000000000000000000e+01
2.320000000000000000e+02,7.000000000000000000e+01,5.084000000000000341e+01,5.000000000000000000e+01
2.330000000000000000e+02,7.000000000000000000e+01,5.096999999999999886e+01,5.000000000000000000e+01
2.340000000000000000e+02,7.000000000000000000e+01,5.086999999999999744e+01,5.000000000000000000e+01
2.350000000000000000e+02,7.000000000000000000e+01,5.092999999999999972e+01,5.000000000000000000e+01
2.360000000000000000e+02,7.000000000000000000e+01,5.092999999999999972e+01,5.000000000000000000e+01
2.370000000000000000e+02,7.000000000000000000e+01,5.092999999999999972e+01,5.000000000000000000e+01
2.380000000000000000e+02,7.000000000000000000e+01,5.109000000000000341e+01,5.000000000000000000e+01
2.390000000000000000e+02,7.000000000000000000e+01,5.113000000000000256e+01,5.000000000000000000e+01
2.400000000000000000e+02,7.000000000000000000e+01,5.118999999999999773e+01,5.000000000000000000e+01
2.410000000000000000e+02,7.000000000000000000e+01,5.115999999999999659e+01,5.000000000000000000e+01
2.420000000000000000e+02,7.000000000000000000e+01,5.118999999999999773e+01,5.000000000000000000e+01
2.430000000000000000e+02,7.000000000000000000e+01,5.128999999999999915e+01,5.000000000000000000e+01
2.440000000000000000e+02,7.000000000000000000e+01,5.121999999999999886e+01,5.000000000000000000e+01
2.450000000000000000e+02,7.000000000000000000e+01,5.128999999999999915e+01,5.000000000000000000e+01
2.460000000000000000e+02,7.000000000000000000e+01,5.132000000000000028e+01,5.000000000000000000e+01
2.470000000000000000e+02,7.000000000000000000e+01,5.132000000000000028e+01,5.000000000000000000e+01
2.480000000000000000e+02,7.000000000000000000e+01,5.138000000000000256e+01,5.000000000000000000e+01
2.490000000000000000e+02,7.000000000000000000e+01,5.145000000000000284e+01,5.000000000000000000e+01
2.500000000000000000e+02,7.000000000000000000e+01,5.142000000000000171e+01,5.000000000000000000e+01
2.510000000000000000e+02,7.000000000000000000e+01,5.145000000000000284e+01,5.000000000000000000e+01
2.520000000000000000e+02,7.000000000000000000e+01,5.154999999999999716e+01,5.000000000000000000e+01
2.530000000000000000e+02,7.000000000000000000e+01,5.157999999999999829e+01,5.000000000000000000e+01
2.540000000000000000e+02,7.000000000000000000e+01,5.150999999999999801e+01,5.000000000000000000e+01
2.550000000000000000e+02,7.000000000000000000e+01,5.157999999999999829e+01,5.000000000000000000e+01
2.560000000000000000e+02,7.000000000000000000e+01,5.171000000000000085e+01,5.000000000000000000e+01
2.570000000000000000e+02,7.000000000000000000e+01,5.174000000000000199e+01,5.000000000000000000e+01
2.580000000000000000e+02,7.000000000000000000e+01,5.171000000000000085e+01,5.000000000000000000e+01
2.590000000000000000e+02,7.000000000000000000e+01,5.184000000000000341e+01,5.000000000000000000e+01
2.600000000000000000e+02,7.000000000000000000e+01,5.184000000000000341e+01,5.000000000000000000e+01
2.610000000000000000e+02,7.000000000000000000e+01,5.184000000000000341e+01,5.000000000000000000e+01
2.620000000000000000e+02,7.000000000000000000e+01,5.184000000000000341e+01,5.000000000000000000e+01
2.630000000000000000e+02,7.000000000000000000e+01,5.200000000000000000e+01,5.000000000000000000e+01
2.640000000000000000e+02,7.000000000000000000e+01,5.184000000000000341e+01,5.000000000000000000e+01
2.650000000000000000e+02,7.000000000000000000e+01,5.192999999999999972e+01,5.000000000000000000e+01
2.660000000000000000e+02,7.000000000000000000e+01,5.192999999999999972e+01,5.000000000000000000e+01
2.670000000000000000e+02,7.000000000000000000e+01,5.192999999999999972e+01,5.000000000000000000e+01
2.680000000000000000e+02,7.000000000000000000e+01,5.200000000000000000e+01,5.000000000000000000e+01
2.690000000000000000e+02,7.000000000000000000e+01,5.209000000000000341e+01,5.000000000000000000e+01
2.700000000000000000e+02,7.000000000000000000e+01,5.213000000000000256e+01,5.000000000000000000e+01
2.710000000000000000e+02,7.000000000000000000e+01,5.206000000000000227e+01,5.000000000000000000e+01
2.720000000000000000e+02,7.000000000000000000e+01,5.203000000000000114e+01,5.000000000000000000e+01
2.730000000000000000e+02,7.000000000000000000e+01,5.213000000000000256e+01,5.000000000000000000e+01
2.740000000000000000e+02,7.000000000000000000e+01,5.215999999999999659e+01,5.000000000000000000e+01
2.750000000000000000e+02,7.000000000000000000e+01,5.215999999999999659e+01,5.000000000000000000e+01
2.760000000000000000e+02,7.000000000000000000e+01,5.215999999999999659e+01,5.000000000000000000e+01
2.770000000000000000e+02,7.000000000000000000e+01,5.228999999999999915e+01,5.000000000000000000e+01
2.780000000000000000e+02,7.000000000000000000e+01,5.225000000000000000e+01,5.000000000000000000e+01
2.790000000000000000e+02,7.000000000000000000e+01,5.225000000000000000e+01,5.000000000000000000e+01
2.800000000000000000e+02,7.000000000000000000e+01,5.242000000000000171e+01,5.000000000000000000e+01
2.810000000000000000e+02,7.000000000000000000e+01,5.238000000000000256e+01,5.000000000000000000e+01
2.820000000000000000e+02,7.000000000000000000e+01,5.238000000000000256e+01,5.000000000000000000e+01
2.830000000000000000e+02,7.000000000000000000e+01,5.232000000000000028e+01,5.000000000000000000e+01
2.840000000000000000e+02,7.000000000000000000e+01,5.245000000000000284e+01,5.000000000000000000e+01
2.850000000000000000e+02,7.000000000000000000e+01,5.247999999999999687e+01,5.000000000000000000e+01
2.860000000000000000e+02,7.000000000000000000e+01,5.245000000000000284e+01,5.000000000000000000e+01
2.870000000000000000e+02,7.000000000000000000e+01,5.247999999999999687e+01,5.000000000000000000e+01
2.880000000000000000e+02,7.000000000000000000e+01,5.250999999999999801e+01,5.000000000000000000e+01
2.890000000000000000e+02,7.000000000000000000e+01,5.250999999999999801e+01,5.000000000000000000e+01
2.900000000000000000e+02,7.000000000000000000e+01,5.257999999999999829e+01,5.000000000000000000e+01
2.910000000000000000e+02,7.000000000000000000e+01,5.260999999999999943e+01,5.000000000000000000e+01
2.920000000000000000e+02,7.000000000000000000e+01,5.247999999999999687e+01,5.000000000000000000e+01
2.930000000000000000e+02,7.000000000000000000e+01,5.257999999999999829e+01,5.000000000000000000e+01
2.940000000000000000e+02,7.000000000000000000e+01,5.253999999999999915e+01,5.000000000000000000e+01
2.950000000000000000e+02,7.000000000000000000e+01,5.267000000000000171e+01,5.000000000000000000e+01
2.960000000000000000e+02,7.000000000000000000e+01,5.260999999999999943e+01,5.000000000000000000e+01
2.970000000000000000e+02,7.000000000000000000e+01,5.271000000000000085e+01,5.000000000000000000e+01
2.980000000000000000e+02,7.000000000000000000e+01,5.271000000000000085e+01,5.000000000000000000e+01
2.990000000000000000e+02,7.000000000000000000e+01,5.271000000000000085e+01,5.000000000000000000e+01
3.000000000000000000e+02,7.000000000000000000e+01,5.279999999999999716e+01,5.000000000000000000e+01
3.010000000000000000e+02,7.000000000000000000e+01,5.279999999999999716e+01,5.000000000000000000e+01
3.020000000000000000e+02,7.000000000000000000e+01,5.279999999999999716e+01,5.000000000000000000e+01
3.030000000000000000e+02,7.000000000000000000e+01,5.286999999999999744e+01,5.000000000000000000e+01
3.040000000000000000e+02,7.000000000000000000e+01,5.282999999999999829e+01,5.000000000000000000e+01
3.050000000000000000e+02,7.000000000000000000e+01,5.289999999999999858e+01,5.000000000000000000e+01
3.060000000000000000e+02,7.000000000000000000e+01,5.300000000000000000e+01,5.000000000000000000e+01
3.070000000000000000e+02,7.000000000000000000e+01,5.303000000000000114e+01,5.000000000000000000e+01
3.080000000000000000e+02,7.000000000000000000e+01,5.300000000000000000e+01,5.000000000000000000e+01
3.090000000000000000e+02,7.000000000000000000e+01,5.286999999999999744e+01,5.000000000000000000e+01
3.100000000000000000e+02,7.000000000000000000e+01,5.313000000000000256e+01,5.000000000000000000e+01
3.110000000000000000e+02,7.000000000000000000e+01,5.306000000000000227e+01,5.000000000000000000e+01
3.120000000000000000e+02,7.000000000000000000e+01,5.313000000000000256e+01,5.000000000000000000e+01
3.130000000000000000e+02,7.000000000000000000e+01,5.313000000000000256e+01,5.000000000000000000e+01
3.140000000000000000e+02,7.000000000000000000e+01,5.313000000000000256e+01,5.000000000000000000e+01
3.150000000000000000e+02,7.000000000000000000e+01,5.313000000000000256e+01,5.000000000000000000e+01
3.160000000000000000e+02,7.000000000000000000e+01,5.315999999999999659e+01,5.000000000000000000e+01
3.170000000000000000e+02,7.000000000000000000e+01,5.313000000000000256e+01,5.000000000000000000e+01
3.180000000000000000e+02,7.000000000000000000e+01,5.315999999999999659e+01,5.000000000000000000e+01
3.190000000000000000e+02,7.000000000000000000e+01,5.315999999999999659e+01,5.000000000000000000e+01
3.200000000000000000e+02,7.000000000000000000e+01,5.313000000000000256e+01,5.000000000000000000e+01
3.210000000000000000e+02,7.000000000000000000e+01,5.315999999999999659e+01,5.000000000000000000e+01
3.220000000000000000e+02,7.000000000000000000e+01,5.325000000000000000e+01,5.000000000000000000e+01
3.230000000000000000e+02,7.000000000000000000e+01,5.332000000000000028e+01,5.000000000000000000e+01
3.240000000000000000e+02,7.000000000000000000e+01,5.318999999999999773e+01,5.000000000000000000e+01
3.250000000000000000e+02,7.000000000000000000e+01,5.335000000000000142e+01,5.000000000000000000e+01
3.260000000000000000e+02,7.000000000000000000e+01,5.328999999999999915e+01,5.000000000000000000e+01
3.270000000000000000e+02,7.000000000000000000e+01,5.335000000000000142e+01,5.000000000000000000e+01
3.280000000000000000e+02,7.000000000000000000e+01,5.342000000000000171e+01,5.000000000000000000e+01
3.290000000000000000e+02,7.000000000000000000e+01,5.306000000000000227e+01,5.000000000000000000e+01
3.300000000000000000e+02,7.000000000000000000e+01,5.342000000000000171e+01,5.000000000000000000e+01
3.310000000000000000e+02,7.000000000000000000e+01,5.347999999999999687e+01,5.000000000000000000e+01
3.320000000000000000e+02,7.000000000000000000e+01,5.353999999999999915e+01,5.000000000000000000e+01
3.330000000000000000e+02,7.000000000000000000e+01,5.347999999999999687e+01,5.000000000000000000e+01
3.340000000000000000e+02,7.000000000000000000e+01,5.353999999999999915e+01,5.000000000000000000e+01
3.350000000000000000e+02,7.000000000000000000e+01,5.347999999999999687e+01,5.000000000000000000e+01
3.360000000000000000e+02,7.000000000000000000e+01,5.353999999999999915e+01,5.000000000000000000e+01
3.370000000000000000e+02,7.000000000000000000e+01,5.345000000000000284e+01,5.000000000000000000e+01
3.380000000000000000e+02,7.000000000000000000e+01,5.353999999999999915e+01,5.000000000000000000e+01
3.390000000000000000e+02,7.000000000000000000e+01,5.353999999999999915e+01,5.000000000000000000e+01
3.400000000000000000e+02,7.000000000000000000e+01,5.347999999999999687e+01,5.000000000000000000e+01
3.410000000000000000e+02,7.000000000000000000e+01,5.364000000000000057e+01,5.000000000000000000e+01
3.420000000000000000e+02,7.000000000000000000e+01,5.353999999999999915e+01,5.000000000000000000e+01
3.430000000000000000e+02,7.000000000000000000e+01,5.360999999999999943e+01,5.000000000000000000e+01
3.440000000000000000e+02,7.000000000000000000e+01,5.367000000000000171e+01,5.000000000000000000e+01
3.450000000000000000e+02,7.000000000000000000e+01,5.353999999999999915e+01,5.000000000000000000e+01
3.460000000000000000e+02,7.000000000000000000e+01,5.374000000000000199e+01,5.000000000000000000e+01
3.470000000000000000e+02,7.000000000000000000e+01,5.367000000000000171e+01,5.000000000000000000e+01
3.480000000000000000e+02,7.000000000000000000e+01,5.367000000000000171e+01,5.000000000000000000e+01
3.490000000000000000e+02,7.000000000000000000e+01,5.371000000000000085e+01,5.000000000000000000e+01
3.500000000000000000e+02,7.000000000000000000e+01,5.374000000000000199e+01,5.000000000000000000e+01
3.510000000000000000e+02,7.000000000000000000e+01,5.374000000000000199e+01,5.000000000000000000e+01
3.520000000000000000e+02,7.000000000000000000e+01,5.364000000000000057e+01,5.000000000000000000e+01
3.530000000000000000e+02,7.000000000000000000e+01,5.377000000000000313e+01,5.000000000000000000e+01
3.540000000000000000e+02,7.000000000000000000e+01,5.377000000000000313e+01,5.000000000000000000e+01
3.550000000000000000e+02,7.000000000000000000e+01,5.377000000000000313e+01,5.000000000000000000e+01
3.560000000000000000e+02,7.000000000000000000e+01,5.377000000000000313e+01,5.000000000000000000e+01
3.570000000000000000e+02,7.000000000000000000e+01,5.371000000000000085e+01,5.000000000000000000e+01
3.580000000000000000e+02,7.000000000000000000e+01,5.386999999999999744e+01,5.000000000000000000e+01
3.590000000000000000e+02,7.000000000000000000e+01,5.374000000000000199e+01,5.000000000000000000e+01
3.600000000000000000e+02,7.000000000000000000e+01,5.377000000000000313e+01,5.000000000000000000e+01
3.610000000000000000e+02,7.000000000000000000e+01,5.377000000000000313e+01,5.000000000000000000e+01
3.620000000000000000e+02,7.000000000000000000e+01,5.389999999999999858e+01,5.000000000000000000e+01
3.630000000000000000e+02,7.000000000000000000e+01,5.389999999999999858e+01,5.000000000000000000e+01
3.640000000000000000e+02,7.000000000000000000e+01,5.386999999999999744e+01,5.000000000000000000e+01
3.650000000000000000e+02,7.000000000000000000e+01,5.389999999999999858e+01,5.000000000000000000e+01
3.660000000000000000e+02,7.000000000000000000e+01,5.409000000000000341e+01,5.000000000000000000e+01
3.670000000000000000e+02,7.000000000000000000e+01,5.403000000000000114e+01,5.000000000000000000e+01
3.680000000000000000e+02,7.000000000000000000e+01,5.406000000000000227e+01,5.000000000000000000e+01
3.690000000000000000e+02,7.000000000000000000e+01,5.409000000000000341e+01,5.000000000000000000e+01
3.700000000000000000e+02,7.000000000000000000e+01,5.411999999999999744e+01,5.000000000000000000e+01
3.710000000000000000e+02,7.000000000000000000e+01,5.411999999999999744e+01,5.000000000000000000e+01
3.720000000000000000e+02,7.000000000000000000e+01,5.409000000000000341e+01,5.000000000000000000e+01
3.730000000000000000e+02,7.000000000000000000e+01,5.411999999999999744e+01,5.000000000000000000e+01
3.740000000000000000e+02,7.000000000000000000e+01,5.415999999999999659e+01,5.000000000000000000e+01
3.750000000000000000e+02,7.000000000000000000e+01,5.411999999999999744e+01,5.000000000000000000e+01
3.760000000000000000e+02,7.000000000000000000e+01,5.418999999999999773e+01,5.000000000000000000e+01
3.770000000000000000e+02,7.000000000000000000e+01,5.421999999999999886e+01,5.000000000000000000e+01
3.780000000000000000e+02,7.000000000000000000e+01,5.418999999999999773e+01,5.000000000000000000e+01
3.790000000000000000e+02,7.000000000000000000e+01,5.421999999999999886e+01,5.000000000000000000e+01
3.800000000000000000e+02,7.000000000000000000e+01,5.415999999999999659e+01,5.000000000000000000e+01
3.810000000000000000e+02,7.000000000000000000e+01,5.415999999999999659e+01,5.000000000000000000e+01
3.820000000000000000e+02,7.000000000000000000e+01,5.428999999999999915e+01,5.000000000000000000e+01
3.830000000000000000e+02,7.000000000000000000e+01,5.421999999999999886e+01,5.000000000000000000e+01
3.840000000000000000e+02,7.000000000000000000e+01,5.425000000000000000e+01,5.000000000000000000e+01
3.850000000000000000e+02,7.000000000000000000e+01,5.418999999999999773e+01,5.000000000000000000e+01
3.860000000000000000e+02,7.000000000000000000e+01,5.432000000000000028e+01,5.000000000000000000e+01
3.870000000000000000e+02,7.000000000000000000e+01,5.428999999999999915e+01,5.000000000000000000e+01
3.880000000000000000e+02,7.000000000000000000e+01,5.438000000000000256e+01,5.000000000000000000e+01
3.890000000000000000e+02,7.000000000000000000e+01,5.432000000000000028e+01,5.000000000000000000e+01
3.900000000000000000e+02,7.000000000000000000e+01,5.445000000000000284e+01,5.000000000000000000e+01
3.910000000000000000e+02,7.000000000000000000e+01,5.438000000000000256e+01,5.000000000000000000e+01
3.920000000000000000e+02,7.000000000000000000e+01,5.447999999999999687e+01,5.000000000000000000e+01
3.930000000000000000e+02,7.000000000000000000e+01,5.445000000000000284e+01,5.000000000000000000e+01
3.940000000000000000e+02,7.000000000000000000e+01,5.447999999999999687e+01,5.000000000000000000e+01
3.950000000000000000e+02,7.000000000000000000e+01,5.440999999999999659e+01,5.000000000000000000e+01
3.960000000000000000e+02,7.000000000000000000e+01,5.453999999999999915e+01,5.000000000000000000e+01
3.970000000000000000e+02,7.000000000000000000e+01,5.447999999999999687e+01,5.000000000000000000e+01
3.980000000000000000e+02,7.000000000000000000e+01,5.453999999999999915e+01,5.000000000000000000e+01
3.990000000000000000e+02,7.000000000000000000e+01,5.447999999999999687e+01,5.000000000000000000e+01
4.000000000000000000e+02,7.000000000000000000e+01,5.450999999999999801e+01,5.000000000000000000e+01
4.010000000000000000e+02,7.000000000000000000e+01,5.447999999999999687e+01,5.000000000000000000e+01
4.020000000000000000e+02,7.000000000000000000e+01,5.464000000000000057e+01,5.000000000000000000e+01
4.030000000000000000e+02,7.000000000000000000e+01,5.464000000000000057e+01,5.000000000000000000e+01
4.040000000000000000e+02,7.000000000000000000e+01,5.467000000000000171e+01,5.000000000000000000e+01
4.050000000000000000e+02,7.000000000000000000e+01,5.470000000000000284e+01,5.000000000000000000e+01
4.060000000000000000e+02,7.000000000000000000e+01,5.479999999999999716e+01,5.000000000000000000e+01
4.070000000000000000e+02,7.000000000000000000e+01,5.474000000000000199e+01,5.000000000000000000e+01
4.080000000000000000e+02,7.000000000000000000e+01,5.482999999999999829e+01,5.000000000000000000e+01
4.090000000000000000e+02,7.000000000000000000e+01,5.474000000000000199e+01,5.000000000000000000e+01
4.100000000000000000e+02,7.000000000000000000e+01,5.479999999999999716e+01,5.000000000000000000e+01
4.110000000000000000e+02,7.000000000000000000e+01,5.479999999999999716e+01,5.000000000000000000e+01
4.120000000000000000e+02,7.000000000000000000e+01,5.474000000000000199e+01,5.000000000000000000e+01
4.130000000000000000e+02,7.000000000000000000e+01,5.477000000000000313e+01,5.000000000000000000e+01
4.140000000000000000e+02,7.000000000000000000e+01,5.474000000000000199e+01,5.000000000000000000e+01
4.150000000000000000e+02,7.000000000000000000e+01,5.477000000000000313e+01,5.000000000000000000e+01
4.160000000000000000e+02,7.000000000000000000e+01,5.492999999999999972e+01,5.000000000000000000e+01
4.170000000000000000e+02,7.000000000000000000e+01,5.486999999999999744e+01,5.000000000000000000e+01
4.180000000000000000e+02,7.000000000000000000e+01,5.479999999999999716e+01,5.000000000000000000e+01
4.190000000000000000e+02,7.000000000000000000e+01,5.479999999999999716e+01,5.000000000000000000e+01
4.200000000000000000e+02,7.000000000000000000e+01,5.489999999999999858e+01,5.000000000000000000e+01
4.210000000000000000e+02,7.000000000000000000e+01,5.477000000000000313e+01,5.000000000000000000e+01
4.220000000000000000e+02,7.000000000000000000e+01,5.489999999999999858e+01,5.000000000000000000e+01
4.230000000000000000e+02,7.000000000000000000e+01,5.482999999999999829e+01,5.000000000000000000e+01
4.240000000000000000e+02,7.000000000000000000e+01,5.479999999999999716e+01,5.000000000000000000e+01
4.250000000000000000e+02,7.000000000000000000e+01,5.486999999999999744e+01,5.000000000000000000e+01
4.260000000000000000e+02,7.000000000000000000e+01,5.492999999999999972e+01,5.000000000000000000e+01
4.270000000000000000e+02,7.000000000000000000e+01,5.486999999999999744e+01,5.000000000000000000e+01
4.280000000000000000e+02,7.000000000000000000e+01,5.489999999999999858e+01,5.000000000000000000e+01
4.290000000000000000e+02,7.000000000000000000e+01,5.496000000000000085e+01,5.000000000000000000e+01
4.300000000000000000e+02,7.000000000000000000e+01,5.492999999999999972e+01,5.000000000000000000e+01
4.310000000000000000e+02,7.000000000000000000e+01,5.496000000000000085e+01,5.000000000000000000e+01
4.320000000000000000e+02,7.000000000000000000e+01,5.509000000000000341e+01,5.000000000000000000e+01
4.330000000000000000e+02,7.000000000000000000e+01,5.506000000000000227e+01,5.000000000000000000e+01
4.340000000000000000e+02,7.000000000000000000e+01,5.506000000000000227e+01,5.000000000000000000e+01
4.350000000000000000e+02,7.000000000000000000e+01,5.506000000000000227e+01,5.000000000000000000e+01
4.360000000000000000e+02,7.000000000000000000e+01,5.515999999999999659e+01,5.000000000000000000e+01
4.370000000000000000e+02,7.000000000000000000e+01,5.506000000000000227e+01,5.000000000000000000e+01
4.380000000000000000e+02,7.000000000000000000e+01,5.525000000000000000e+01,5.000000000000000000e+01
4.390000000000000000e+02,7.000000000000000000e+01,5.518999999999999773e+01,5.000000000000000000e+01
4.400000000000000000e+02,7.000000000000000000e+01,5.528000000000000114e+01,5.000000000000000000e+01
4.410000000000000000e+02,7.000000000000000000e+01,5.525000000000000000e+01,5.000000000000000000e+01
4.420000000000000000e+02,7.000000000000000000e+01,5.528000000000000114e+01,5.000000000000000000e+01
4.430000000000000000e+02,7.000000000000000000e+01,5.532000000000000028e+01,5.000000000000000000e+01
4.440000000000000000e+02,7.000000000000000000e+01,5.528000000000000114e+01,5.000000000000000000e+01
4.450000000000000000e+02,7.000000000000000000e+01,5.538000000000000256e+01,5.000000000000000000e+01
4.460000000000000000e+02,7.000000000000000000e+01,5.535000000000000142e+01,5.000000000000000000e+01
4.470000000000000000e+02,7.000000000000000000e+01,5.525000000000000000e+01,5.000000000000000000e+01
4.480000000000000000e+02,7.000000000000000000e+01,5.525000000000000000e+01,5.000000000000000000e+01
4.490000000000000000e+02,7.000000000000000000e+01,5.528000000000000114e+01,5.000000000000000000e+01
4.500000000000000000e+02,7.000000000000000000e+01,5.538000000000000256e+01,5.000000000000000000e+01
4.510000000000000000e+02,7.000000000000000000e+01,5.528000000000000114e+01,5.000000000000000000e+01
4.520000000000000000e+02,7.000000000000000000e+01,5.535000000000000142e+01,5.000000000000000000e+01
4.530000000000000000e+02,7.000000000000000000e+01,5.528000000000000114e+01,5.000000000000000000e+01
4.540000000000000000e+02,7.000000000000000000e+01,5.535000000000000142e+01,5.000000000000000000e+01
4.550000000000000000e+02,7.000000000000000000e+01,5.532000000000000028e+01,5.000000000000000000e+01
4.560000000000000000e+02,7.000000000000000000e+01,5.532000000000000028e+01,5.000000000000000000e+01
4.570000000000000000e+02,7.000000000000000000e+01,5.538000000000000256e+01,5.000000000000000000e+01
4.580000000000000000e+02,7.000000000000000000e+01,5.538000000000000256e+01,5.000000000000000000e+01
4.590000000000000000e+02,7.000000000000000000e+01,5.538000000000000256e+01,5.000000000000000000e+01
4.600000000000000000e+02,7.000000000000000000e+01,5.545000000000000284e+01,5.000000000000000000e+01
4.610000000000000000e+02,7.000000000000000000e+01,5.545000000000000284e+01,5.000000000000000000e+01
4.620000000000000000e+02,7.000000000000000000e+01,5.553999999999999915e+01,5.000000000000000000e+01
4.630000000000000000e+02,7.000000000000000000e+01,5.553999999999999915e+01,5.000000000000000000e+01
4.640000000000000000e+02,7.000000000000000000e+01,5.557000000000000028e+01,5.000000000000000000e+01
4.650000000000000000e+02,7.000000000000000000e+01,5.547999999999999687e+01,5.000000000000000000e+01
4.660000000000000000e+02,7.000000000000000000e+01,5.553999999999999915e+01,5.000000000000000000e+01
4.670000000000000000e+02,7.000000000000000000e+01,5.553999999999999915e+01,5.000000000000000000e+01
4.680000000000000000e+02,7.000000000000000000e+01,5.560999999999999943e+01,5.000000000000000000e+01
4.690000000000000000e+02,7.000000000000000000e+01,5.560999999999999943e+01,5.000000000000000000e+01
4.700000000000000000e+02,7.000000000000000000e+01,5.564000000000000057e+01,5.000000000000000000e+01
4.710000000000000000e+02,7.000000000000000000e+01,5.564000000000000057e+01,5.000000000000000000e+01
4.720000000000000000e+02,7.000000000000000000e+01,5.564000000000000057e+01,5.000000000000000000e+01
4.730000000000000000e+02,7.000000000000000000e+01,5.567000000000000171e+01,5.000000000000000000e+01
4.740000000000000000e+02,7.000000000000000000e+01,5.560999999999999943e+01,5.000000000000000000e+01
4.750000000000000000e+02,7.000000000000000000e+01,5.557000000000000028e+01,5.000000000000000000e+01
4.760000000000000000e+02,7.000000000000000000e+01,5.560999999999999943e+01,5.000000000000000000e+01
4.770000000000000000e+02,7.000000000000000000e+01,5.560999999999999943e+01,5.000000000000000000e+01
4.780000000000000000e+02,7.000000000000000000e+01,5.560999999999999943e+01,5.000000000000000000e+01
4.790000000000000000e+02,7.000000000000000000e+01,5.567000000000000171e+01,5.000000000000000000e+01
4.800000000000000000e+02,7.000000000000000000e+01,5.570000000000000284e+01,5.000000000000000000e+01
4.810000000000000000e+02,7.000000000000000000e+01,5.564000000000000057e+01,5.000000000000000000e+01
4.820000000000000000e+02,7.000000000000000000e+01,5.550999999999999801e+01,5.000000000000000000e+01
4.830000000000000000e+02,7.000000000000000000e+01,5.560999999999999943e+01,5.000000000000000000e+01
4.840000000000000000e+02,7.000000000000000000e+01,5.570000000000000284e+01,5.000000000000000000e+01
4.850000000000000000e+02,7.000000000000000000e+01,5.570000000000000284e+01,5.000000000000000000e+01
4.860000000000000000e+02,7.000000000000000000e+01,5.570000000000000284e+01,5.000000000000000000e+01
4.870000000000000000e+02,7.000000000000000000e+01,5.574000000000000199e+01,5.000000000000000000e+01
4.880000000000000000e+02,7.000000000000000000e+01,5.579999999999999716e+01,5.000000000000000000e+01
4.890000000000000000e+02,7.000000000000000000e+01,5.570000000000000284e+01,5.000000000000000000e+01
4.900000000000000000e+02,7.000000000000000000e+01,5.582999999999999829e+01,5.000000000000000000e+01
4.910000000000000000e+02,7.000000000000000000e+01,5.574000000000000199e+01,5.000000000000000000e+01
4.920000000000000000e+02,7.000000000000000000e+01,5.574000000000000199e+01,5.000000000000000000e+01
4.930000000000000000e+02,7.000000000000000000e+01,5.570000000000000284e+01,5.000000000000000000e+01
4.940000000000000000e+02,7.000000000000000000e+01,5.582999999999999829e+01,5.000000000000000000e+01
4.950000000000000000e+02,7.000000000000000000e+01,5.557000000000000028e+01,5.000000000000000000e+01
4.960000000000000000e+02,7.000000000000000000e+01,5.585999999999999943e+01,5.000000000000000000e+01
4.970000000000000000e+02,7.000000000000000000e+01,5.579999999999999716e+01,5.000000000000000000e+01
4.980000000000000000e+02,7.000000000000000000e+01,5.579999999999999716e+01,5.000000000000000000e+01
4.990000000000000000e+02,7.000000000000000000e+01,5.579999999999999716e+01,5.000000000000000000e+01
5.000000000000000000e+02,7.000000000000000000e+01,5.577000000000000313e+01,5.000000000000000000e+01
5.010000000000000000e+02,7.000000000000000000e+01,5.577000000000000313e+01,5.000000000000000000e+01
5.020000000000000000e+02,7.000000000000000000e+01,5.589999999999999858e+01,5.000000000000000000e+01
5.030000000000000000e+02,7.000000000000000000e+01,5.570000000000000284e+01,5.000000000000000000e+01
5.040000000000000000e+02,7.000000000000000000e+01,5.577000000000000313e+01,5.000000000000000000e+01
5.050000000000000000e+02,7.000000000000000000e+01,5.582999999999999829e+01,5.000000000000000000e+01
5.060000000000000000e+02,7.000000000000000000e+01,5.585999999999999943e+01,5.000000000000000000e+01
5.070000000000000000e+02,7.000000000000000000e+01,5.592999999999999972e+01,5.000000000000000000e+01
5.080000000000000000e+02,7.000000000000000000e+01,5.596000000000000085e+01,5.000000000000000000e+01
5.090000000000000000e+02,7.000000000000000000e+01,5.596000000000000085e+01,5.000000000000000000e+01
5.100000000000000000e+02,7.000000000000000000e+01,5.599000000000000199e+01,5.000000000000000000e+01
5.110000000000000000e+02,7.000000000000000000e+01,5.603000000000000114e+01,5.000000000000000000e+01
5.120000000000000000e+02,7.000000000000000000e+01,5.606000000000000227e+01,5.000000000000000000e+01
5.130000000000000000e+02,7.000000000000000000e+01,5.596000000000000085e+01,5.000000000000000000e+01
5.140000000000000000e+02,7.000000000000000000e+01,5.603000000000000114e+01,5.000000000000000000e+01
5.150000000000000000e+02,7.000000000000000000e+01,5.606000000000000227e+01,5.000000000000000000e+01
5.160000000000000000e+02,7.000000000000000000e+01,5.614999999999999858e+01,5.000000000000000000e+01
5.170000000000000000e+02,7.000000000000000000e+01,5.603000000000000114e+01,5.000000000000000000e+01
5.180000000000000000e+02,7.000000000000000000e+01,5.603000000000000114e+01,5.000000000000000000e+01
5.190000000000000000e+02,7.000000000000000000e+01,5.609000000000000341e+01,5.000000000000000000e+01
5.200000000000000000e+02,7.000000000000000000e+01,5.609000000000000341e+01,5.000000000000000000e+01
5.210000000000000000e+02,7.000000000000000000e+01,5.606000000000000227e+01,5.000000000000000000e+01
5.220000000000000000e+02,7.000000000000000000e+01,5.611999999999999744e+01,5.000000000000000000e+01
5.230000000000000000e+02,7.000000000000000000e+01,5.603000000000000114e+01,5.000000000000000000e+01
5.240000000000000000e+02,7.000000000000000000e+01,5.609000000000000341e+01,5.000000000000000000e+01
5.250000000000000000e+02,7.000000000000000000e+01,5.611999999999999744e+01,5.000000000000000000e+01
5.260000000000000000e+02,7.000000000000000000e+01,5.606000000000000227e+01,5.000000000000000000e+01
5.270000000000000000e+02,7.000000000000000000e+01,5.611999999999999744e+01,5.000000000000000000e+01
5.280000000000000000e+02,7.000000000000000000e+01,5.606000000000000227e+01,5.000000000000000000e+01
5.290000000000000000e+02,7.000000000000000000e+01,5.609000000000000341e+01,5.000000000000000000e+01
5.300000000000000000e+02,7.000000000000000000e+01,5.606000000000000227e+01,5.000000000000000000e+01
5.310000000000000000e+02,7.000000000000000000e+01,5.611999999999999744e+01,5.000000000000000000e+01
5.320000000000000000e+02,7.000000000000000000e+01,5.609000000000000341e+01,5.000000000000000000e+01
5.330000000000000000e+02,7.000000000000000000e+01,5.611999999999999744e+01,5.000000000000000000e+01
5.340000000000000000e+02,7.000000000000000000e+01,5.614999999999999858e+01,5.000000000000000000e+01
5.350000000000000000e+02,7.000000000000000000e+01,5.618999999999999773e+01,5.000000000000000000e+01
5.360000000000000000e+02,7.000000000000000000e+01,5.625000000000000000e+01,5.000000000000000000e+01
5.370000000000000000e+02,7.000000000000000000e+01,5.625000000000000000e+01,5.000000000000000000e+01
5.380000000000000000e+02,7.000000000000000000e+01,5.621999999999999886e+01,5.000000000000000000e+01
5.390000000000000000e+02,7.000000000000000000e+01,5.614999999999999858e+01,5.000000000000000000e+01
5.400000000000000000e+02,7.000000000000000000e+01,5.625000000000000000e+01,5.000000000000000000e+01
5.410000000000000000e+02,7.000000000000000000e+01,5.621999999999999886e+01,5.000000000000000000e+01
5.420000000000000000e+02,7.000000000000000000e+01,5.625000000000000000e+01,5.000000000000000000e+01
5.430000000000000000e+02,7.000000000000000000e+01,5.625000000000000000e+01,5.000000000000000000e+01
5.440000000000000000e+02,7.000000000000000000e+01,5.618999999999999773e+01,5.000000000000000000e+01
5.450000000000000000e+02,7.000000000000000000e+01,5.632000000000000028e+01,5.000000000000000000e+01
5.460000000000000000e+02,7.000000000000000000e+01,5.611999999999999744e+01,5.000000000000000000e+01
5.470000000000000000e+02,7.000000000000000000e+01,5.606000000000000227e+01,5.000000000000000000e+01
5.480000000000000000e+02,7.000000000000000000e+01,5.614999999999999858e+01,5.000000000000000000e+01
5.490000000000000000e+02,7.000000000000000000e+01,5.611999999999999744e+01,5.000000000000000000e+01
5.500000000000000000e+02,7.000000000000000000e+01,5.618999999999999773e+01,5.000000000000000000e+01
5.510000000000000000e+02,7.000000000000000000e+01,5.635000000000000142e+01,5.000000000000000000e+01
5.520000000000000000e+02,7.000000000000000000e+01,5.632000000000000028e+01,5.000000000000000000e+01
5.530000000000000000e+02,7.000000000000000000e+01,5.638000000000000256e+01,5.000000000000000000e+01
5.540000000000000000e+02,7.000000000000000000e+01,5.635000000000000142e+01,5.000000000000000000e+01
5.550000000000000000e+02,7.000000000000000000e+01,5.640999999999999659e+01,5.000000000000000000e+01
5.560000000000000000e+02,7.000000000000000000e+01,5.632000000000000028e+01,5.000000000000000000e+01
5.570000000000000000e+02,7.000000000000000000e+01,5.635000000000000142e+01,5.000000000000000000e+01
5.580000000000000000e+02,7.000000000000000000e+01,5.628000000000000114e+01,5.000000000000000000e+01
5.590000000000000000e+02,7.000000000000000000e+01,5.614999999999999858e+01,5.000000000000000000e+01
5.600000000000000000e+02,7.000000000000000000e+01,5.632000000000000028e+01,5.000000000000000000e+01
5.610000000000000000e+02,7.000000000000000000e+01,5.638000000000000256e+01,5.000000000000000000e+01
5.620000000000000000e+02,7.000000000000000000e+01,5.640999999999999659e+01,5.000000000000000000e+01
5.630000000000000000e+02,7.000000000000000000e+01,5.635000000000000142e+01,5.000000000000000000e+01
5.640000000000000000e+02,7.000000000000000000e+01,5.635000000000000142e+01,5.000000000000000000e+01
5.650000000000000000e+02,7.000000000000000000e+01,5.640999999999999659e+01,5.000000000000000000e+01
5.660000000000000000e+02,7.000000000000000000e+01,5.647999999999999687e+01,5.000000000000000000e+01
5.670000000000000000e+02,7.000000000000000000e+01,5.643999999999999773e+01,5.000000000000000000e+01
5.680000000000000000e+02,7.000000000000000000e+01,5.640999999999999659e+01,5.000000000000000000e+01
5.690000000000000000e+02,7.000000000000000000e+01,5.632000000000000028e+01,5.000000000000000000e+01
5.700000000000000000e+02,7.000000000000000000e+01,5.635000000000000142e+01,5.000000000000000000e+01
5.710000000000000000e+02,7.000000000000000000e+01,5.635000000000000142e+01,5.000000000000000000e+01
5.720000000000000000e+02,7.000000000000000000e+01,5.640999999999999659e+01,5.000000000000000000e+01
5.730000000000000000e+02,7.000000000000000000e+01,5.647999999999999687e+01,5.000000000000000000e+01
5.740000000000000000e+02,7.000000000000000000e+01,5.640999999999999659e+01,5.000000000000000000e+01
5.750000000000000000e+02,7.000000000000000000e+01,5.650999999999999801e+01,5.000000000000000000e+01
5.760000000000000000e+02,7.000000000000000000e+01,5.650999999999999801e+01,5.000000000000000000e+01
5.770000000000000000e+02,7.000000000000000000e+01,5.650999999999999801e+01,5.000000000000000000e+01
5.780000000000000000e+02,7.000000000000000000e+01,5.653999999999999915e+01,5.000000000000000000e+01
5.790000000000000000e+02,7.000000000000000000e+01,5.657000000000000028e+01,5.000000000000000000e+01
5.800000000000000000e+02,7.000000000000000000e+01,5.664000000000000057e+01,5.000000000000000000e+01
5.810000000000000000e+02,7.000000000000000000e+01,5.670000000000000284e+01,5.000000000000000000e+01
5.820000000000000000e+02,7.000000000000000000e+01,5.672999999999999687e+01,5.000000000000000000e+01
5.830000000000000000e+02,7.000000000000000000e+01,5.672999999999999687e+01,5.000000000000000000e+01
5.840000000000000000e+02,7.000000000000000000e+01,5.672999999999999687e+01,5.000000000000000000e+01
5.850000000000000000e+02,7.000000000000000000e+01,5.682999999999999829e+01,5.000000000000000000e+01
5.860000000000000000e+02,7.000000000000000000e+01,5.679999999999999716e+01,5.000000000000000000e+01
5.870000000000000000e+02,7.000000000000000000e+01,5.682999999999999829e+01,5.000000000000000000e+01
5.880000000000000000e+02,7.000000000000000000e+01,5.689999999999999858e+01,5.000000000000000000e+01
5.890000000000000000e+02,7.000000000000000000e+01,5.677000000000000313e+01,5.000000000000000000e+01
5.900000000000000000e+02,7.000000000000000000e+01,5.689999999999999858e+01,5.000000000000000000e+01
5.910000000000000000e+02,7.000000000000000000e+01,5.689999999999999858e+01,5.000000000000000000e+01
5.920000000000000000e+02,7.000000000000000000e+01,5.692999999999999972e+01,5.000000000000000000e+01
5.930000000000000000e+02,7.000000000000000000e+01,5.702000000000000313e+01,5.000000000000000000e+01
5.940000000000000000e+02,7.000000000000000000e+01,5.699000000000000199e+01,5.000000000000000000e+01
5.950000000000000000e+02,7.000000000000000000e+01,5.709000000000000341e+01,5.000000000000000000e+01
5.960000000000000000e+02,7.000000000000000000e+01,5.706000000000000227e+01,5.000000000000000000e+01
5.970000000000000000e+02,7.000000000000000000e+01,5.711999999999999744e+01,5.000000000000000000e+01
5.980000000000000000e+02,7.000000000000000000e+01,5.721999999999999886e+01,5.000000000000000000e+01
5.990000000000000000e+02,7.000000000000000000e+01,5.721999999999999886e+01,5.000000000000000000e+01
6.000000000000000000e+02,7.000000000000000000e+01,5.714999999999999858e+01,5.000000000000000000e+01
6.010000000000000000e+02,7.000000000000000000e+01,5.718999999999999773e+01,5.000000000000000000e+01
6.020000000000000000e+02,7.000000000000000000e+01,5.718999999999999773e+01,5.000000000000000000e+01
6.030000000000000000e+02,7.000000000000000000e+01,5.718999999999999773e+01,5.000000000000000000e+01
6.040000000000000000e+02,7.000000000000000000e+01,5.728000000000000114e+01,5.000000000000000000e+01
6.050000000000000000e+02,7.000000000000000000e+01,5.721999999999999886e+01,5.000000000000000000e+01
6.060000000000000000e+02,7.000000000000000000e+01,5.718999999999999773e+01,5.000000000000000000e+01
6.070000000000000000e+02,7.000000000000000000e+01,5.721999999999999886e+01,5.000000000000000000e+01
6.080000000000000000e+02,7.000000000000000000e+01,5.721999999999999886e+01,5.000000000000000000e+01
6.090000000000000000e+02,7.000000000000000000e+01,5.721999999999999886e+01,5.000000000000000000e+01
6.100000000000000000e+02,7.000000000000000000e+01,5.721999999999999886e+01,5.000000000000000000e+01
6.110000000000000000e+02,7.000000000000000000e+01,5.721999999999999886e+01,5.000000000000000000e+01
6.120000000000000000e+02,7.000000000000000000e+01,5.718999999999999773e+01,5.000000000000000000e+01
6.130000000000000000e+02,7.000000000000000000e+01,5.721999999999999886e+01,5.000000000000000000e+01
6.140000000000000000e+02,7.000000000000000000e+01,5.718999999999999773e+01,5.000000000000000000e+01
6.150000000000000000e+02,7.000000000000000000e+01,5.718999999999999773e+01,5.000000000000000000e+01
6.160000000000000000e+02,7.000000000000000000e+01,5.711999999999999744e+01,5.000000000000000000e+01
6.170000000000000000e+02,7.000000000000000000e+01,5.714999999999999858e+01,5.000000000000000000e+01
6.180000000000000000e+02,7.000000000000000000e+01,5.714999999999999858e+01,5.000000000000000000e+01
6.190000000000000000e+02,7.000000000000000000e+01,5.718999999999999773e+01,5.000000000000000000e+01
6.200000000000000000e+02,7.000000000000000000e+01,5.702000000000000313e+01,5.000000000000000000e+01
6.210000000000000000e+02,7.000000000000000000e+01,5.709000000000000341e+01,5.000000000000000000e+01
6.220000000000000000e+02,7.000000000000000000e+01,5.718999999999999773e+01,5.000000000000000000e+01
6.230000000000000000e+02,7.000000000000000000e+01,5.711999999999999744e+01,5.000000000000000000e+01
6.240000000000000000e+02,7.000000000000000000e+01,5.711999999999999744e+01,5.000000000000000000e+01
6.250000000000000000e+02,7.000000000000000000e+01,5.711999999999999744e+01,5.000000000000000000e+01
6.260000000000000000e+02,7.000000000000000000e+01,5.706000000000000227e+01,5.000000000000000000e+01
6.270000000000000000e+02,7.000000000000000000e+01,5.702000000000000313e+01,5.000000000000000000e+01
6.280000000000000000e+02,7.000000000000000000e+01,5.702000000000000313e+01,5.000000000000000000e+01
6.290000000000000000e+02,7.000000000000000000e+01,5.711999999999999744e+01,5.000000000000000000e+01
6.300000000000000000e+02,7.000000000000000000e+01,5.709000000000000341e+01,5.000000000000000000e+01
6.310000000000000000e+02,7.000000000000000000e+01,5.711999999999999744e+01,5.000000000000000000e+01
6.320000000000000000e+02,7.000000000000000000e+01,5.699000000000000199e+01,5.000000000000000000e+01
6.330000000000000000e+02,7.000000000000000000e+01,5.706000000000000227e+01,5.000000000000000000e+01
6.340000000000000000e+02,7.000000000000000000e+01,5.709000000000000341e+01,5.000000000000000000e+01
6.350000000000000000e+02,7.000000000000000000e+01,5.711999999999999744e+01,5.000000000000000000e+01
6.360000000000000000e+02,7.000000000000000000e+01,5.709000000000000341e+01,5.000000000000000000e+01
6.370000000000000000e+02,7.000000000000000000e+01,5.702000000000000313e+01,5.000000000000000000e+01
6.380000000000000000e+02,7.000000000000000000e+01,5.699000000000000199e+01,5.000000000000000000e+01
6.390000000000000000e+02,7.000000000000000000e+01,5.711999999999999744e+01,5.000000000000000000e+01
6.400000000000000000e+02,7.000000000000000000e+01,5.699000000000000199e+01,5.000000000000000000e+01
6.410000000000000000e+02,7.000000000000000000e+01,5.711999999999999744e+01,5.000000000000000000e+01
6.420000000000000000e+02,7.000000000000000000e+01,5.709000000000000341e+01,5.000000000000000000e+01
6.430000000000000000e+02,7.000000000000000000e+01,5.706000000000000227e+01,5.000000000000000000e+01
6.440000000000000000e+02,7.000000000000000000e+01,5.711999999999999744e+01,5.000000000000000000e+01
6.450000000000000000e+02,7.000000000000000000e+01,5.711999999999999744e+01,5.000000000000000000e+01
6.460000000000000000e+02,7.000000000000000000e+01,5.711999999999999744e+01,5.000000000000000000e+01
6.470000000000000000e+02,7.000000000000000000e+01,5.718999999999999773e+01,5.000000000000000000e+01
6.480000000000000000e+02,7.000000000000000000e+01,5.706000000000000227e+01,5.000000000000000000e+01
6.490000000000000000e+02,7.000000000000000000e+01,5.718999999999999773e+01,5.000000000000000000e+01
6.500000000000000000e+02,7.000000000000000000e+01,5.714999999999999858e+01,5.000000000000000000e+01
6.510000000000000000e+02,7.000000000000000000e+01,5.714999999999999858e+01,5.000000000000000000e+01
6.520000000000000000e+02,7.000000000000000000e+01,5.728000000000000114e+01,5.000000000000000000e+01
6.530000000000000000e+02,7.000000000000000000e+01,5.721999999999999886e+01,5.000000000000000000e+01
6.540000000000000000e+02,7.000000000000000000e+01,5.728000000000000114e+01,5.000000000000000000e+01
6.550000000000000000e+02,7.000000000000000000e+01,5.735000000000000142e+01,5.000000000000000000e+01
6.560000000000000000e+02,7.000000000000000000e+01,5.721999999999999886e+01,5.000000000000000000e+01
6.570000000000000000e+02,7.000000000000000000e+01,5.721999999999999886e+01,5.000000000000000000e+01
6.580000000000000000e+02,7.000000000000000000e+01,5.721999999999999886e+01,5.000000000000000000e+01
6.590000000000000000e+02,7.000000000000000000e+01,5.725000000000000000e+01,5.000000000000000000e+01
6.600000000000000000e+02,7.000000000000000000e+01,5.721999999999999886e+01,5.000000000000000000e+01
6.610000000000000000e+02,7.000000000000000000e+01,5.711999999999999744e+01,5.000000000000000000e+01
6.620000000000000000e+02,7.000000000000000000e+01,5.728000000000000114e+01,5.000000000000000000e+01
6.630000000000000000e+02,7.000000000000000000e+01,5.702000000000000313e+01,5.000000000000000000e+01
6.640000000000000000e+02,7.000000000000000000e+01,5.709000000000000341e+01,5.000000000000000000e+01
6.650000000000000000e+02,7.000000000000000000e+01,5.718999999999999773e+01,5.000000000000000000e+01
6.660000000000000000e+02,7.000000000000000000e+01,5.709000000000000341e+01,5.000000000000000000e+01
6.670000000000000000e+02,7.000000000000000000e+01,5.721999999999999886e+01,5.000000000000000000e+01
6.680000000000000000e+02,7.000000000000000000e+01,5.721999999999999886e+01,5.000000000000000000e+01
6.690000000000000000e+02,7.000000000000000000e+01,5.721999999999999886e+01,5.000000000000000000e+01
6.700000000000000000e+02,7.000000000000000000e+01,5.721999999999999886e+01,5.000000000000000000e+01
6.710000000000000000e+02,7.000000000000000000e+01,5.725000000000000000e+01,5.000000000000000000e+01
6.720000000000000000e+02,7.000000000000000000e+01,5.728000000000000114e+01,5.000000000000000000e+01
6.730000000000000000e+02,7.000000000000000000e+01,5.725000000000000000e+01,5.000000000000000000e+01
6.740000000000000000e+02,7.000000000000000000e+01,5.721999999999999886e+01,5.000000000000000000e+01
6.750000000000000000e+02,7.000000000000000000e+01,5.718999999999999773e+01,5.000000000000000000e+01
6.760000000000000000e+02,7.000000000000000000e+01,5.721999999999999886e+01,5.000000000000000000e+01
6.770000000000000000e+02,7.000000000000000000e+01,5.721999999999999886e+01,5.000000000000000000e+01
6.780000000000000000e+02,7.000000000000000000e+01,5.714999999999999858e+01,5.000000000000000000e+01
6.790000000000000000e+02,7.000000000000000000e+01,5.711999999999999744e+01,5.000000000000000000e+01
6.800000000000000000e+02,7.000000000000000000e+01,5.709000000000000341e+01,5.000000000000000000e+01
6.810000000000000000e+02,7.000000000000000000e+01,5.718999999999999773e+01,5.000000000000000000e+01
