tm,DVm,PVm
0.000000000000000000e+00,0.000000000000000000e+00,0.000000000000000000e+00
1.000000000000000000e+00,1.000000000000000000e+00,2.500000000000035614e-03
2.000000000000000000e+00,1.000000000000000000e+00,9.999999999999787705e-04
3.000000000000000000e+00,1.000000000000000000e+00,5.000000000000071228e-03
4.000000000000000000e+00,1.000000000000000000e+00,3.250000000000064036e-03
5.000000000000000000e+00,1.000000000000000000e+00,2.500000000000035614e-03
6.000000000000000000e+00,1.000000000000000000e+00,9.999999999999787705e-04
7.000000000000000000e+00,1.000000000000000000e+00,3.250000000000064036e-03
8.000000000000000000e+00,1.000000000000000000e+00,2.500000000000035614e-03
9.000000000000000000e+00,1.000000000000000000e+00,3.250000000000064036e-03
1.000000000000000000e+01,1.000000000000000000e+00,5.000000000000071228e-03
1.100000000000000000e+01,1.000000000000000000e+00,3.250000000000064036e-03
1.200000000000000000e+01,1.000000000000000000e+00,5.000000000000071228e-03
1.300000000000000000e+01,1.000000000000000000e+00,5.000000000000071228e-03
1.400000000000000000e+01,1.000000000000000000e+00,5.000000000000071228e-03
1.500000000000000000e+01,1.000000000000000000e+00,5.750000000000099649e-03
1.600000000000000000e+01,1.000000000000000000e+00,4.000000000000092024e-03
1.700000000000000000e+01,1.000000000000000000e+00,5.000000000000071228e-03
1.800000000000000000e+01,1.000000000000000000e+00,4.000000000000092024e-03
1.900000000000000000e+01,1.000000000000000000e+00,5.000000000000071228e-03
2.000000000000000000e+01,1.000000000000000000e+00,5.000000000000071228e-03
2.100000000000000000e+01,1.000000000000000000e+00,4.000000000000092024e-03
2.200000000000000000e+01,1.000000000000000000e+00,5.750000000000099649e-03
2.300000000000000000e+01,1.000000000000000000e+00,5.750000000000099649e-03
2.400000000000000000e+01,1.000000000000000000e+00,5.750000000000099649e-03
2.500000000000000000e+01,1.000000000000000000e+00,5.750000000000099649e-03
2.600000000000000000e+01,1.000000000000000000e+00,5.000000000000071228e-03
2.700000000000000000e+01,1.000000000000000000e+00,6.500000000000128071e-03
2.800000000000000000e+01,1.000000000000000000e+00,5.750000000000099649e-03
2.900000000000000000e+01,1.000000000000000000e+00,5.750000000000099649e-03
3.000000000000000000e+01,1.000000000000000000e+00,5.750000000000099649e-03
3.100000000000000000e+01,1.000000000000000000e+00,5.000000000000071228e-03
3.200000000000000000e+01,1.000000000000000000e+00,5.750000000000099649e-03
3.300000000000000000e+01,1.000000000000000000e+00,5.750000000000099649e-03
3.400000000000000000e+01,1.000000000000000000e+00,5.750000000000099649e-03
3.500000000000000000e+01,1.000000000000000000e+00,5.750000000000099649e-03
3.600000000000000000e+01,1.000000000000000000e+00,5.750000000000099649e-03
3.700000000000000000e+01,1.000000000000000000e+00,8.999999999999985442e-03
3.800000000000000000e+01,1.000000000000000000e+00,5.750000000000099649e-03
3.900000000000000000e+01,1.000000000000000000e+00,8.999999999999985442e-03
4.000000000000000000e+01,1.000000000000000000e+00,5.750000000000099649e-03
4.100000000000000000e+01,1.000000000000000000e+00,8.249999999999957020e-03
4.200000000000000000e+01,1.000000000000000000e+00,8.249999999999957020e-03
4.300000000000000000e+01,1.000000000000000000e+00,6.500000000000128071e-03
4.400000000000000000e+01,1.000000000000000000e+00,7.249999999999978684e-03
4.500000000000000000e+01,1.000000000000000000e+00,8.249999999999957020e-03
4.600000000000000000e+01,1.000000000000000000e+00,9.750000000000013864e-03
4.700000000000000000e+01,1.000000000000000000e+00,1.050000000000004229e-02
4.800000000000000000e+01,1.000000000000000000e+00,7.249999999999978684e-03
4.900000000000000000e+01,1.000000000000000000e+00,1.050000000000004229e-02
5.000000000000000000e+01,1.000000000000000000e+00,1.300000000000007747e-02
5.100000000000000000e+01,1.000000000000000000e+00,1.375000000000010589e-02
5.200000000000000000e+01,1.000000000000000000e+00,1.300000000000007747e-02
5.300000000000000000e+01,1.000000000000000000e+00,1.375000000000010589e-02
5.400000000000000000e+01,1.000000000000000000e+00,1.375000000000010589e-02
5.500000000000000000e+01,1.000000000000000000e+00,1.375000000000010589e-02
5.600000000000000000e+01,1.000000000000000000e+00,1.375000000000010589e-02
5.700000000000000000e+01,1.000000000000000000e+00,1.550000000000011438e-02
5.800000000000000000e+01,1.000000000000000000e+00,1.624999999999996586e-02
5.900000000000000000e+01,1.000000000000000000e+00,1.699999999999999428e-02
6.000000000000000000e+01,1.000000000000000000e+00,1.449999999999995737e-02
6.100000000000000000e+01,1.000000000000000000e+00,2.175000000000011299e-02
6.200000000000000000e+01,1.000000000000000000e+00,2.025000000000005615e-02
6.300000000000000000e+01,1.000000000000000000e+00,2.175000000000011299e-02
6.400000000000000000e+01,1.000000000000000000e+00,1.950000000000002773e-02
6.500000000000000000e+01,1.000000000000000000e+00,2.025000000000005615e-02
6.600000000000000000e+01,1.000000000000000000e+00,2.100000000000008457e-02
6.700000000000000000e+01,1.000000000000000000e+00,2.175000000000011299e-02
6.800000000000000000e+01,1.000000000000000000e+00,2.175000000000011299e-02
6.900000000000000000e+01,1.000000000000000000e+00,2.175000000000011299e-02
7.000000000000000000e+01,1.000000000000000000e+00,2.275000000000009306e-02
7.100000000000000000e+01,1.000000000000000000e+00,2.275000000000009306e-02
7.200000000000000000e+01,1.000000000000000000e+00,2.175000000000011299e-02
7.300000000000000000e+01,1.000000000000000000e+00,2.575000000000002981e-02
7.400000000000000000e+01,1.000000000000000000e+00,2.350000000000012149e-02
7.500000000000000000e+01,1.000000000000000000e+00,3.000000000000007175e-02
7.600000000000000000e+01,1.000000000000000000e+00,2.675000000000000641e-02
7.700000000000000000e+01,1.000000000000000000e+00,2.900000000000009168e-02
7.800000000000000000e+01,1.000000000000000000e+00,2.900000000000009168e-02
7.900000000000000000e+01,1.000000000000000000e+00,3.000000000000007175e-02
8.000000000000000000e+01,1.000000000000000000e+00,3.000000000000007175e-02
8.100000000000000000e+01,1.000000000000000000e+00,3.075000000000010017e-02
8.200000000000000000e+01,1.000000000000000000e+00,3.000000000000007175e-02
8.300000000000000000e+01,1.000000000000000000e+00,3.300000000000000849e-02
8.400000000000000000e+01,1.000000000000000000e+00,3.075000000000010017e-02
8.500000000000000000e+01,1.000000000000000000e+00,3.300000000000000849e-02
8.600000000000000000e+01,1.000000000000000000e+00,3.475000000000001699e-02
8.700000000000000000e+01,1.000000000000000000e+00,3.550000000000004541e-02
8.800000000000000000e+01,1.000000000000000000e+00,3.800000000000007538e-02
8.900000000000000000e+01,1.000000000000000000e+00,3.550000000000004541e-02
9.000000000000000000e+01,1.000000000000000000e+00,3.800000000000007538e-02
9.100000000000000000e+01,1.000000000000000000e+00,3.875000000000010381e-02
9.200000000000000000e+01,1.000000000000000000e+00,3.800000000000007538e-02
9.300000000000000000e+01,1.000000000000000000e+00,3.949999999999995876e-02
9.400000000000000000e+01,1.000000000000000000e+00,3.949999999999995876e-02
9.500000000000000000e+01,1.000000000000000000e+00,4.024999999999998718e-02
9.600000000000000000e+01,1.000000000000000000e+00,4.199999999999999567e-02
9.700000000000000000e+01,1.000000000000000000e+00,4.275000000000002409e-02
9.800000000000000000e+01,1.000000000000000000e+00,4.450000000000002565e-02
9.900000000000000000e+01,1.000000000000000000e+00,4.350000000000005251e-02
1.000000000000000000e+02,1.000000000000000000e+00,4.600000000000008249e-02
1.010000000000000000e+02,1.000000000000000000e+00,4.525000000000005407e-02
1.020000000000000000e+02,1.000000000000000000e+00,4.600000000000008249e-02
1.030000000000000000e+02,1.000000000000000000e+00,4.600000000000008249e-02
1.040000000000000000e+02,1.000000000000000000e+00,4.749999999999996586e-02
1.050000000000000000e+02,1.000000000000000000e+00,4.749999999999996586e-02
1.060000000000000000e+02,1.000000000000000000e+00,4.924999999999997435e-02
1.070000000000000000e+02,1.000000000000000000e+00,4.749999999999996586e-02
1.080000000000000000e+02,1.000000000000000000e+00,5.400000000000008959e-02
1.090000000000000000e+02,1.000000000000000000e+00,5.400000000000008959e-02
1.100000000000000000e+02,1.000000000000000000e+00,5.325000000000006117e-02
1.110000000000000000e+02,1.000000000000000000e+00,5.400000000000008959e-02
1.120000000000000000e+02,1.000000000000000000e+00,5.400000000000008959e-02
1.130000000000000000e+02,1.000000000000000000e+00,5.400000000000008959e-02
1.140000000000000000e+02,1.000000000000000000e+00,5.475000000000011802e-02
1.150000000000000000e+02,1.000000000000000000e+00,5.400000000000008959e-02
1.160000000000000000e+02,1.000000000000000000e+00,5.650000000000012651e-02
1.170000000000000000e+02,1.000000000000000000e+00,5.575000000000009809e-02
1.180000000000000000e+02,1.000000000000000000e+00,5.899999999999998301e-02
1.190000000000000000e+02,1.000000000000000000e+00,5.975000000000001144e-02
1.200000000000000000e+02,1.000000000000000000e+00,6.125000000000006828e-02
1.210000000000000000e+02,1.000000000000000000e+00,6.200000000000009670e-02
1.220000000000000000e+02,1.000000000000000000e+00,6.125000000000006828e-02
1.230000000000000000e+02,1.000000000000000000e+00,6.200000000000009670e-02
1.240000000000000000e+02,1.000000000000000000e+00,6.200000000000009670e-02
1.250000000000000000e+02,1.000000000000000000e+00,6.300000000000008371e-02
1.260000000000000000e+02,1.000000000000000000e+00,6.624999999999996170e-02
1.270000000000000000e+02,1.000000000000000000e+00,6.449999999999996014e-02
1.280000000000000000e+02,1.000000000000000000e+00,6.925000000000007538e-02
1.290000000000000000e+02,1.000000000000000000e+00,6.775000000000001854e-02
1.300000000000000000e+02,1.000000000000000000e+00,6.850000000000004696e-02
1.310000000000000000e+02,1.000000000000000000e+00,7.025000000000006239e-02
1.320000000000000000e+02,1.000000000000000000e+00,6.925000000000007538e-02
1.330000000000000000e+02,1.000000000000000000e+00,6.925000000000007538e-02
1.340000000000000000e+02,1.000000000000000000e+00,7.025000000000006239e-02
1.350000000000000000e+02,1.000000000000000000e+00,7.025000000000006239e-02
1.360000000000000000e+02,1.000000000000000000e+00,7.175000000000011924e-02
1.370000000000000000e+02,1.000000000000000000e+00,7.100000000000009082e-02
1.380000000000000000e+02,1.000000000000000000e+00,7.350000000000012079e-02
1.390000000000000000e+02,1.000000000000000000e+00,7.249999999999996725e-02
1.400000000000000000e+02,1.000000000000000000e+00,7.750000000000004108e-02
1.410000000000000000e+02,1.000000000000000000e+00,7.825000000000006950e-02
1.420000000000000000e+02,1.000000000000000000e+00,7.825000000000006950e-02
1.430000000000000000e+02,1.000000000000000000e+00,7.750000000000004108e-02
1.440000000000000000e+02,1.000000000000000000e+00,7.825000000000006950e-02
1.450000000000000000e+02,1.000000000000000000e+00,7.825000000000006950e-02
1.460000000000000000e+02,1.000000000000000000e+00,7.900000000000009792e-02
1.470000000000000000e+02,1.000000000000000000e+00,7.900000000000009792e-02
1.480000000000000000e+02,1.000000000000000000e+00,8.150000000000012790e-02
1.490000000000000000e+02,1.000000000000000000e+00,8.075000000000009948e-02
1.500000000000000000e+02,1.000000000000000000e+00,8.224999999999997591e-02
1.510000000000000000e+02,1.000000000000000000e+00,8.475000000000001976e-02
1.520000000000000000e+02,1.000000000000000000e+00,8.550000000000004818e-02
1.530000000000000000e+02,1.000000000000000000e+00,8.625000000000007661e-02
1.540000000000000000e+02,1.000000000000000000e+00,8.625000000000007661e-02
1.550000000000000000e+02,1.000000000000000000e+00,8.625000000000007661e-02
1.560000000000000000e+02,1.000000000000000000e+00,8.700000000000010503e-02
1.570000000000000000e+02,1.000000000000000000e+00,8.800000000000007816e-02
1.580000000000000000e+02,1.000000000000000000e+00,8.949999999999995459e-02
1.590000000000000000e+02,1.000000000000000000e+00,9.024999999999998301e-02
1.600000000000000000e+02,1.000000000000000000e+00,8.700000000000010503e-02
1.610000000000000000e+02,1.000000000000000000e+00,9.199999999999999845e-02
1.620000000000000000e+02,1.000000000000000000e+00,9.275000000000002687e-02
1.630000000000000000e+02,1.000000000000000000e+00,9.425000000000008371e-02
1.640000000000000000e+02,1.000000000000000000e+00,9.425000000000008371e-02
1.650000000000000000e+02,1.000000000000000000e+00,9.425000000000008371e-02
1.660000000000000000e+02,1.000000000000000000e+00,9.425000000000008371e-02
1.670000000000000000e+02,1.000000000000000000e+00,9.425000000000008371e-02
1.680000000000000000e+02,1.000000000000000000e+00,9.425000000000008371e-02
1.690000000000000000e+02,1.000000000000000000e+00,9.675000000000011369e-02
1.700000000000000000e+02,1.000000000000000000e+00,9.749999999999996170e-02
1.710000000000000000e+02,1.000000000000000000e+00,9.525000000000005684e-02
1.720000000000000000e+02,1.000000000000000000e+00,1.000000000000000056e-01
1.730000000000000000e+02,1.000000000000000000e+00,9.675000000000011369e-02
1.740000000000000000e+02,1.000000000000000000e+00,1.000000000000000056e-01
1.750000000000000000e+02,1.000000000000000000e+00,1.007500000000000340e-01
1.760000000000000000e+02,1.000000000000000000e+00,1.025000000000000355e-01
1.770000000000000000e+02,1.000000000000000000e+00,1.025000000000000355e-01
1.780000000000000000e+02,1.000000000000000000e+00,1.015000000000000624e-01
1.790000000000000000e+02,1.000000000000000000e+00,1.025000000000000355e-01
1.800000000000000000e+02,1.000000000000000000e+00,1.032500000000000639e-01
1.810000000000000000e+02,1.000000000000000000e+00,1.025000000000000355e-01
1.820000000000000000e+02,1.000000000000000000e+00,1.040000000000000924e-01
1.830000000000000000e+02,1.000000000000000000e+00,1.025000000000000355e-01
1.840000000000000000e+02,1.000000000000000000e+00,1.047500000000001208e-01
1.850000000000000000e+02,1.000000000000000000e+00,1.065000000000001223e-01
1.860000000000000000e+02,1.000000000000000000e+00,1.097500000000000142e-01
1.870000000000000000e+02,1.000000000000000000e+00,1.080000000000000127e-01
1.880000000000000000e+02,1.000000000000000000e+00,1.105000000000000426e-01
1.890000000000000000e+02,1.000000000000000000e+00,1.105000000000000426e-01
1.900000000000000000e+02,1.000000000000000000e+00,1.097500000000000142e-01
1.910000000000000000e+02,1.000000000000000000e+00,1.105000000000000426e-01
1.920000000000000000e+02,1.000000000000000000e+00,1.105000000000000426e-01
1.930000000000000000e+02,1.000000000000000000e+00,1.112500000000000711e-01
1.940000000000000000e+02,1.000000000000000000e+00,1.120000000000000995e-01
1.950000000000000000e+02,1.000000000000000000e+00,1.105000000000000426e-01
1.960000000000000000e+02,1.000000000000000000e+00,1.144999999999999629e-01
1.970000000000000000e+02,1.000000000000000000e+00,1.160000000000000198e-01
1.980000000000000000e+02,1.000000000000000000e+00,1.177500000000000213e-01
1.990000000000000000e+02,1.000000000000000000e+00,1.137500000000001010e-01
2.000000000000000000e+02,1.000000000000000000e+00,1.185000000000000497e-01
2.010000000000000000e+02,1.000000000000000000e+00,1.160000000000000198e-01
2.020000000000000000e+02,1.000000000000000000e+00,1.185000000000000497e-01
2.030000000000000000e+02,1.000000000000000000e+00,1.185000000000000497e-01
2.040000000000000000e+02,1.000000000000000000e+00,1.192500000000000782e-01
2.050000000000000000e+02,1.000000000000000000e+00,1.185000000000000497e-01
2.060000000000000000e+02,1.000000000000000000e+00,1.177500000000000213e-01
2.070000000000000000e+02,1.000000000000000000e+00,1.185000000000000497e-01
2.080000000000000000e+02,1.000000000000000000e+00,1.210000000000000797e-01
2.090000000000000000e+02,1.000000000000000000e+00,1.200000000000001066e-01
2.100000000000000000e+02,1.000000000000000000e+00,1.210000000000000797e-01
2.110000000000000000e+02,1.000000000000000000e+00,1.210000000000000797e-01
2.120000000000000000e+02,1.000000000000000000e+00,1.224999999999999700e-01
2.130000000000000000e+02,1.000000000000000000e+00,1.192500000000000782e-01
2.140000000000000000e+02,1.000000000000000000e+00,1.242499999999999716e-01
2.150000000000000000e+02,1.000000000000000000e+00,1.232499999999999984e-01
2.160000000000000000e+02,1.000000000000000000e+00,1.232499999999999984e-01
2.170000000000000000e+02,1.000000000000000000e+00,1.250000000000000000e-01
2.180000000000000000e+02,1.000000000000000000e+00,1.257500000000000284e-01
2.190000000000000000e+02,1.000000000000000000e+00,1.265000000000000568e-01
2.200000000000000000e+02,1.000000000000000000e+00,1.265000000000000568e-01
2.210000000000000000e+02,1.000000000000000000e+00,1.265000000000000568e-01
2.220000000000000000e+02,1.000000000000000000e+00,1.257500000000000284e-01
2.230000000000000000e+02,1.000000000000000000e+00,1.265000000000000568e-01
2.240000000000000000e+02,1.000000000000000000e+00,1.257500000000000284e-01
2.250000000000000000e+02,1.000000000000000000e+00,1.257500000000000284e-01
2.260000000000000000e+02,1.000000000000000000e+00,1.265000000000000568e-01
2.270000000000000000e+02,1.000000000000000000e+00,1.265000000000000568e-01
2.280000000000000000e+02,1.000000000000000000e+00,1.290000000000000868e-01
2.290000000000000000e+02,1.000000000000000000e+00,1.272500000000000853e-01
2.300000000000000000e+02,1.000000000000000000e+00,1.304999999999999771e-01
2.310000000000000000e+02,1.000000000000000000e+00,1.330000000000000071e-01
2.320000000000000000e+02,1.000000000000000000e+00,1.337500000000000355e-01
2.330000000000000000e+02,1.000000000000000000e+00,1.337500000000000355e-01
2.340000000000000000e+02,1.000000000000000000e+00,1.330000000000000071e-01
2.350000000000000000e+02,1.000000000000000000e+00,1.345000000000000639e-01
2.360000000000000000e+02,1.000000000000000000e+00,1.370000000000000939e-01
2.370000000000000000e+02,1.000000000000000000e+00,1.355000000000000371e-01
2.380000000000000000e+02,1.000000000000000000e+00,1.345000000000000639e-01
2.390000000000000000e+02,1.000000000000000000e+00,1.402499999999999858e-01
2.400000000000000000e+02,1.000000000000000000e+00,1.387500000000000955e-01
2.410000000000000000e+02,1.000000000000000000e+00,1.355000000000000371e-01
2.420000000000000000e+02,1.000000000000000000e+00,1.370000000000000939e-01
2.430000000000000000e+02,1.000000000000000000e+00,1.377500000000001223e-01
2.440000000000000000e+02,1.000000000000000000e+00,1.377500000000001223e-01
2.450000000000000000e+02,1.000000000000000000e+00,1.387500000000000955e-01
2.460000000000000000e+02,1.000000000000000000e+00,1.402499999999999858e-01
2.470000000000000000e+02,1.000000000000000000e+00,1.417500000000000426e-01
2.480000000000000000e+02,1.000000000000000000e+00,1.410000000000000142e-01
2.490000000000000000e+02,1.000000000000000000e+00,1.417500000000000426e-01
2.500000000000000000e+02,1.000000000000000000e+00,1.427500000000000158e-01
2.510000000000000000e+02,1.000000000000000000e+00,1.402499999999999858e-01
2.520000000000000000e+02,1.000000000000000000e+00,1.427500000000000158e-01
2.530000000000000000e+02,1.000000000000000000e+00,1.427500000000000158e-01
2.540000000000000000e+02,1.000000000000000000e+00,1.435000000000000442e-01
2.550000000000000000e+02,1.000000000000000000e+00,1.427500000000000158e-01
2.560000000000000000e+02,1.000000000000000000e+00,1.450000000000001010e-01
2.570000000000000000e+02,1.000000000000000000e+00,1.435000000000000442e-01
2.580000000000000000e+02,1.000000000000000000e+00,1.450000000000001010e-01
2.590000000000000000e+02,1.000000000000000000e+00,1.460000000000000742e-01
2.600000000000000000e+02,1.000000000000000000e+00,1.467500000000001026e-01
2.610000000000000000e+02,1.000000000000000000e+00,1.460000000000000742e-01
2.620000000000000000e+02,1.000000000000000000e+00,1.467500000000001026e-01
2.630000000000000000e+02,1.000000000000000000e+00,1.442500000000000726e-01
2.640000000000000000e+02,1.000000000000000000e+00,1.467500000000001026e-01
2.650000000000000000e+02,1.000000000000000000e+00,1.482499999999999929e-01
2.660000000000000000e+02,1.000000000000000000e+00,1.499999999999999944e-01
2.670000000000000000e+02,1.000000000000000000e+00,1.490000000000000213e-01
2.680000000000000000e+02,1.000000000000000000e+00,1.490000000000000213e-01
2.690000000000000000e+02,1.000000000000000000e+00,1.499999999999999944e-01
2.700000000000000000e+02,1.000000000000000000e+00,1.507500000000000229e-01
2.710000000000000000e+02,1.000000000000000000e+00,1.507500000000000229e-01
2.720000000000000000e+02,1.000000000000000000e+00,1.507500000000000229e-01
2.730000000000000000e+02,1.000000000000000000e+00,1.515000000000000513e-01
2.740000000000000000e+02,1.000000000000000000e+00,1.532500000000000528e-01
2.750000000000000000e+02,1.000000000000000000e+00,1.522500000000000797e-01
2.760000000000000000e+02,1.000000000000000000e+00,1.540000000000000813e-01
2.770000000000000000e+02,1.000000000000000000e+00,1.554999999999999716e-01
2.780000000000000000e+02,1.000000000000000000e+00,1.554999999999999716e-01
2.790000000000000000e+02,1.000000000000000000e+00,1.554999999999999716e-01
2.800000000000000000e+02,1.000000000000000000e+00,1.554999999999999716e-01
2.810000000000000000e+02,1.000000000000000000e+00,1.562500000000000000e-01
2.820000000000000000e+02,1.000000000000000000e+00,1.562500000000000000e-01
2.830000000000000000e+02,1.000000000000000000e+00,1.580000000000000016e-01
2.840000000000000000e+02,1.000000000000000000e+00,1.572499999999999731e-01
2.850000000000000000e+02,1.000000000000000000e+00,1.587500000000000300e-01
2.860000000000000000e+02,1.000000000000000000e+00,1.587500000000000300e-01
2.870000000000000000e+02,1.000000000000000000e+00,1.562500000000000000e-01
2.880000000000000000e+02,1.000000000000000000e+00,1.605000000000000315e-01
2.890000000000000000e+02,1.000000000000000000e+00,1.587500000000000300e-01
2.900000000000000000e+02,1.000000000000000000e+00,1.587500000000000300e-01
2.910000000000000000e+02,1.000000000000000000e+00,1.587500000000000300e-01
2.920000000000000000e+02,1.000000000000000000e+00,1.595000000000000584e-01
2.930000000000000000e+02,1.000000000000000000e+00,1.587500000000000300e-01
2.940000000000000000e+02,1.000000000000000000e+00,1.595000000000000584e-01
2.950000000000000000e+02,1.000000000000000000e+00,1.595000000000000584e-01
2.960000000000000000e+02,1.000000000000000000e+00,1.605000000000000315e-01
2.970000000000000000e+02,1.000000000000000000e+00,1.612500000000000600e-01
2.980000000000000000e+02,1.000000000000000000e+00,1.612500000000000600e-01
2.990000000000000000e+02,1.000000000000000000e+00,1.595000000000000584e-01
3.000000000000000000e+02,1.000000000000000000e+00,1.612500000000000600e-01
3.010000000000000000e+02,1.000000000000000000e+00,1.612500000000000600e-01
3.020000000000000000e+02,1.000000000000000000e+00,1.605000000000000315e-01
3.030000000000000000e+02,1.000000000000000000e+00,1.605000000000000315e-01
3.040000000000000000e+02,1.000000000000000000e+00,1.620000000000000884e-01
3.050000000000000000e+02,1.000000000000000000e+00,1.644999999999999518e-01
3.060000000000000000e+02,1.000000000000000000e+00,1.637500000000001177e-01
3.070000000000000000e+02,1.000000000000000000e+00,1.652499999999999802e-01
3.080000000000000000e+02,1.000000000000000000e+00,1.660000000000000087e-01
3.090000000000000000e+02,1.000000000000000000e+00,1.660000000000000087e-01
3.100000000000000000e+02,1.000000000000000000e+00,1.667500000000000371e-01
3.110000000000000000e+02,1.000000000000000000e+00,1.667500000000000371e-01
3.120000000000000000e+02,1.000000000000000000e+00,1.667500000000000371e-01
3.130000000000000000e+02,1.000000000000000000e+00,1.667500000000000371e-01
3.140000000000000000e+02,1.000000000000000000e+00,1.677500000000000102e-01
3.150000000000000000e+02,1.000000000000000000e+00,1.667500000000000371e-01
3.160000000000000000e+02,1.000000000000000000e+00,1.667500000000000371e-01
3.170000000000000000e+02,1.000000000000000000e+00,1.667500000000000371e-01
3.180000000000000000e+02,1.000000000000000000e+00,1.677500000000000102e-01
3.190000000000000000e+02,1.000000000000000000e+00,1.685000000000000386e-01
3.200000000000000000e+02,1.000000000000000000e+00,1.667500000000000371e-01
3.210000000000000000e+02,1.000000000000000000e+00,1.692500000000000671e-01
3.220000000000000000e+02,1.000000000000000000e+00,1.685000000000000386e-01
3.230000000000000000e+02,1.000000000000000000e+00,1.692500000000000671e-01
3.240000000000000000e+02,1.000000000000000000e+00,1.667500000000000371e-01
3.250000000000000000e+02,1.000000000000000000e+00,1.710000000000000964e-01
3.260000000000000000e+02,1.000000000000000000e+00,1.677500000000000102e-01
3.270000000000000000e+02,1.000000000000000000e+00,1.717500000000001248e-01
3.280000000000000000e+02,1.000000000000000000e+00,1.740000000000000158e-01
3.290000000000000000e+02,1.000000000000000000e+00,1.724999999999999589e-01
3.300000000000000000e+02,1.000000000000000000e+00,1.732499999999999873e-01
3.310000000000000000e+02,1.000000000000000000e+00,1.732499999999999873e-01
3.320000000000000000e+02,1.000000000000000000e+00,1.740000000000000158e-01
3.330000000000000000e+02,1.000000000000000000e+00,1.749999999999999889e-01
3.340000000000000000e+02,1.000000000000000000e+00,1.749999999999999889e-01
3.350000000000000000e+02,1.000000000000000000e+00,1.749999999999999889e-01
3.360000000000000000e+02,1.000000000000000000e+00,1.749999999999999889e-01
3.370000000000000000e+02,1.000000000000000000e+00,1.749999999999999889e-01
3.380000000000000000e+02,1.000000000000000000e+00,1.765000000000000457e-01
3.390000000000000000e+02,1.000000000000000000e+00,1.772500000000000742e-01
3.400000000000000000e+02,1.000000000000000000e+00,1.772500000000000742e-01
3.410000000000000000e+02,1.000000000000000000e+00,1.797500000000001319e-01
3.420000000000000000e+02,1.000000000000000000e+00,1.772500000000000742e-01
3.430000000000000000e+02,1.000000000000000000e+00,1.797500000000001319e-01
3.440000000000000000e+02,1.000000000000000000e+00,1.757500000000000173e-01
3.450000000000000000e+02,1.000000000000000000e+00,1.804999999999999660e-01
3.460000000000000000e+02,1.000000000000000000e+00,1.822499999999999676e-01
3.470000000000000000e+02,1.000000000000000000e+00,1.822499999999999676e-01
3.480000000000000000e+02,1.000000000000000000e+00,1.829999999999999960e-01
3.490000000000000000e+02,1.000000000000000000e+00,1.829999999999999960e-01
3.500000000000000000e+02,1.000000000000000000e+00,1.822499999999999676e-01
3.510000000000000000e+02,1.000000000000000000e+00,1.829999999999999960e-01
3.520000000000000000e+02,1.000000000000000000e+00,1.829999999999999960e-01
3.530000000000000000e+02,1.000000000000000000e+00,1.829999999999999960e-01
3.540000000000000000e+02,1.000000000000000000e+00,1.829999999999999960e-01
3.550000000000000000e+02,1.000000000000000000e+00,1.829999999999999960e-01
3.560000000000000000e+02,1.000000000000000000e+00,1.829999999999999960e-01
3.570000000000000000e+02,1.000000000000000000e+00,1.855000000000000537e-01
3.580000000000000000e+02,1.000000000000000000e+00,1.829999999999999960e-01
3.590000000000000000e+02,1.000000000000000000e+00,1.855000000000000537e-01
3.600000000000000000e+02,1.000000000000000000e+00,1.829999999999999960e-01
3.610000000000000000e+02,1.000000000000000000e+00,1.862500000000000822e-01
3.620000000000000000e+02,1.000000000000000000e+00,1.829999999999999960e-01
3.630000000000000000e+02,1.000000000000000000e+00,1.837500000000000244e-01
3.640000000000000000e+02,1.000000000000000000e+00,1.855000000000000537e-01
3.650000000000000000e+02,1.000000000000000000e+00,1.870000000000001106e-01
3.660000000000000000e+02,1.000000000000000000e+00,1.870000000000001106e-01
3.670000000000000000e+02,1.000000000000000000e+00,1.894999999999999463e-01
3.680000000000000000e+02,1.000000000000000000e+00,1.877500000000001390e-01
3.690000000000000000e+02,1.000000000000000000e+00,1.884999999999999731e-01
3.700000000000000000e+02,1.000000000000000000e+00,1.910000000000000031e-01
3.710000000000000000e+02,1.000000000000000000e+00,1.910000000000000031e-01
3.720000000000000000e+02,1.000000000000000000e+00,1.910000000000000031e-01
3.730000000000000000e+02,1.000000000000000000e+00,1.917500000000000315e-01
3.740000000000000000e+02,1.000000000000000000e+00,1.910000000000000031e-01
3.750000000000000000e+02,1.000000000000000000e+00,1.902499999999999747e-01
3.760000000000000000e+02,1.000000000000000000e+00,1.910000000000000031e-01
3.770000000000000000e+02,1.000000000000000000e+00,1.910000000000000031e-01
3.780000000000000000e+02,1.000000000000000000e+00,1.884999999999999731e-01
3.790000000000000000e+02,1.000000000000000000e+00,1.910000000000000031e-01
3.800000000000000000e+02,1.000000000000000000e+00,1.894999999999999463e-01
3.810000000000000000e+02,1.000000000000000000e+00,1.894999999999999463e-01
3.820000000000000000e+02,1.000000000000000000e+00,1.894999999999999463e-01
3.830000000000000000e+02,1.000000000000000000e+00,1.902499999999999747e-01
3.840000000000000000e+02,1.000000000000000000e+00,1.894999999999999463e-01
3.850000000000000000e+02,1.000000000000000000e+00,1.894999999999999463e-01
3.860000000000000000e+02,1.000000000000000000e+00,1.894999999999999463e-01
3.870000000000000000e+02,1.000000000000000000e+00,1.910000000000000031e-01
3.880000000000000000e+02,1.000000000000000000e+00,1.884999999999999731e-01
3.890000000000000000e+02,1.000000000000000000e+00,1.910000000000000031e-01
3.900000000000000000e+02,1.000000000000000000e+00,1.910000000000000031e-01
3.910000000000000000e+02,1.000000000000000000e+00,1.910000000000000031e-01
3.920000000000000000e+02,1.000000000000000000e+00,1.910000000000000031e-01
3.930000000000000000e+02,1.000000000000000000e+00,1.917500000000000315e-01
3.940000000000000000e+02,1.000000000000000000e+00,1.910000000000000031e-01
3.950000000000000000e+02,1.000000000000000000e+00,1.917500000000000315e-01
3.960000000000000000e+02,1.000000000000000000e+00,1.910000000000000031e-01
3.970000000000000000e+02,1.000000000000000000e+00,1.927500000000000324e-01
3.980000000000000000e+02,1.000000000000000000e+00,1.927500000000000324e-01
3.990000000000000000e+02,1.000000000000000000e+00,1.910000000000000031e-01
4.000000000000000000e+02,1.000000000000000000e+00,1.917500000000000315e-01
4.010000000000000000e+02,1.000000000000000000e+00,1.917500000000000315e-01
4.020000000000000000e+02,1.000000000000000000e+00,1.910000000000000031e-01
4.030000000000000000e+02,1.000000000000000000e+00,1.935000000000000608e-01
4.040000000000000000e+02,1.000000000000000000e+00,1.910000000000000031e-01
4.050000000000000000e+02,1.000000000000000000e+00,1.950000000000001177e-01
4.060000000000000000e+02,1.000000000000000000e+00,1.917500000000000315e-01
4.070000000000000000e+02,1.000000000000000000e+00,1.935000000000000608e-01
4.080000000000000000e+02,1.000000000000000000e+00,1.957499999999999518e-01
4.090000000000000000e+02,1.000000000000000000e+00,1.942500000000000893e-01
4.100000000000000000e+02,1.000000000000000000e+00,1.917500000000000315e-01
4.110000000000000000e+02,1.000000000000000000e+00,1.950000000000001177e-01
4.120000000000000000e+02,1.000000000000000000e+00,1.942500000000000893e-01
4.130000000000000000e+02,1.000000000000000000e+00,1.935000000000000608e-01
4.140000000000000000e+02,1.000000000000000000e+00,1.950000000000001177e-01
4.150000000000000000e+02,1.000000000000000000e+00,1.957499999999999518e-01
4.160000000000000000e+02,1.000000000000000000e+00,1.927500000000000324e-01
4.170000000000000000e+02,1.000000000000000000e+00,1.957499999999999518e-01
4.180000000000000000e+02,1.000000000000000000e+00,1.927500000000000324e-01
4.190000000000000000e+02,1.000000000000000000e+00,1.942500000000000893e-01
4.200000000000000000e+02,1.000000000000000000e+00,1.917500000000000315e-01
4.210000000000000000e+02,1.000000000000000000e+00,1.935000000000000608e-01
4.220000000000000000e+02,1.000000000000000000e+00,1.917500000000000315e-01
4.230000000000000000e+02,1.000000000000000000e+00,1.935000000000000608e-01
4.240000000000000000e+02,1.000000000000000000e+00,1.935000000000000608e-01
4.250000000000000000e+02,1.000000000000000000e+00,1.957499999999999518e-01
4.260000000000000000e+02,1.000000000000000000e+00,1.942500000000000893e-01
4.270000000000000000e+02,1.000000000000000000e+00,1.950000000000001177e-01
4.280000000000000000e+02,1.000000000000000000e+00,1.957499999999999518e-01
4.290000000000000000e+02,1.000000000000000000e+00,1.967500000000001192e-01
4.300000000000000000e+02,1.000000000000000000e+00,1.957499999999999518e-01
4.310000000000000000e+02,1.000000000000000000e+00,1.982499999999999818e-01
4.320000000000000000e+02,1.000000000000000000e+00,1.974999999999999534e-01
4.330000000000000000e+02,1.000000000000000000e+00,1.974999999999999534e-01
4.340000000000000000e+02,1.000000000000000000e+00,1.982499999999999818e-01
4.350000000000000000e+02,1.000000000000000000e+00,1.982499999999999818e-01
4.360000000000000000e+02,1.000000000000000000e+00,1.990000000000000102e-01
4.370000000000000000e+02,1.000000000000000000e+00,2.000000000000000111e-01
4.380000000000000000e+02,1.000000000000000000e+00,1.990000000000000102e-01
4.390000000000000000e+02,1.000000000000000000e+00,1.990000000000000102e-01
4.400000000000000000e+02,1.000000000000000000e+00,2.000000000000000111e-01
4.410000000000000000e+02,1.000000000000000000e+00,1.990000000000000102e-01
4.420000000000000000e+02,1.000000000000000000e+00,2.015000000000000679e-01
4.430000000000000000e+02,1.000000000000000000e+00,2.000000000000000111e-01
4.440000000000000000e+02,1.000000000000000000e+00,2.047500000000001263e-01
4.450000000000000000e+02,1.000000000000000000e+00,2.022500000000000964e-01
4.460000000000000000e+02,1.000000000000000000e+00,2.022500000000000964e-01
4.470000000000000000e+02,1.000000000000000000e+00,2.040000000000000979e-01
4.480000000000000000e+02,1.000000000000000000e+00,2.062499999999999889e-01
4.490000000000000000e+02,1.000000000000000000e+00,2.062499999999999889e-01
4.500000000000000000e+02,1.000000000000000000e+00,2.062499999999999889e-01
4.510000000000000000e+02,1.000000000000000000e+00,2.072499999999999898e-01
4.520000000000000000e+02,1.000000000000000000e+00,2.072499999999999898e-01
4.530000000000000000e+02,1.000000000000000000e+00,2.054999999999999605e-01
4.540000000000000000e+02,1.000000000000000000e+00,2.072499999999999898e-01
4.550000000000000000e+02,1.000000000000000000e+00,2.072499999999999898e-01
4.560000000000000000e+02,1.000000000000000000e+00,2.072499999999999898e-01
4.570000000000000000e+02,1.000000000000000000e+00,2.072499999999999898e-01
4.580000000000000000e+02,1.000000000000000000e+00,2.072499999999999898e-01
4.590000000000000000e+02,1.000000000000000000e+00,2.080000000000000182e-01
4.600000000000000000e+02,1.000000000000000000e+00,2.087500000000000466e-01
4.610000000000000000e+02,1.000000000000000000e+00,2.072499999999999898e-01
4.620000000000000000e+02,1.000000000000000000e+00,2.080000000000000182e-01
4.630000000000000000e+02,1.000000000000000000e+00,2.072499999999999898e-01
4.640000000000000000e+02,1.000000000000000000e+00,2.072499999999999898e-01
4.650000000000000000e+02,1.000000000000000000e+00,2.072499999999999898e-01
4.660000000000000000e+02,1.000000000000000000e+00,2.072499999999999898e-01
4.670000000000000000e+02,1.000000000000000000e+00,2.080000000000000182e-01
4.680000000000000000e+02,1.000000000000000000e+00,2.072499999999999898e-01
4.690000000000000000e+02,1.000000000000000000e+00,2.080000000000000182e-01
4.700000000000000000e+02,1.000000000000000000e+00,2.080000000000000182e-01
4.710000000000000000e+02,1.000000000000000000e+00,2.080000000000000182e-01
4.720000000000000000e+02,1.000000000000000000e+00,2.080000000000000182e-01
4.730000000000000000e+02,1.000000000000000000e+00,2.102500000000001035e-01
4.740000000000000000e+02,1.000000000000000000e+00,2.072499999999999898e-01
4.750000000000000000e+02,1.000000000000000000e+00,2.087500000000000466e-01
4.760000000000000000e+02,1.000000000000000000e+00,2.095000000000000751e-01
4.770000000000000000e+02,1.000000000000000000e+00,2.080000000000000182e-01
4.780000000000000000e+02,1.000000000000000000e+00,2.087500000000000466e-01
4.790000000000000000e+02,1.000000000000000000e+00,2.095000000000000751e-01
4.800000000000000000e+02,1.000000000000000000e+00,2.072499999999999898e-01
4.810000000000000000e+02,1.000000000000000000e+00,2.087500000000000466e-01
4.820000000000000000e+02,1.000000000000000000e+00,2.080000000000000182e-01
4.830000000000000000e+02,1.000000000000000000e+00,2.120000000000001050e-01
4.840000000000000000e+02,1.000000000000000000e+00,2.120000000000001050e-01
4.850000000000000000e+02,1.000000000000000000e+00,2.112500000000000766e-01
4.860000000000000000e+02,1.000000000000000000e+00,2.144999999999999685e-01
4.870000000000000000e+02,1.000000000000000000e+00,2.120000000000001050e-01
4.880000000000000000e+02,1.000000000000000000e+00,2.144999999999999685e-01
4.890000000000000000e+02,1.000000000000000000e+00,2.144999999999999685e-01
4.900000000000000000e+02,1.000000000000000000e+00,2.120000000000001050e-01
4.910000000000000000e+02,1.000000000000000000e+00,2.152499999999999969e-01
4.920000000000000000e+02,1.000000000000000000e+00,2.152499999999999969e-01
4.930000000000000000e+02,1.000000000000000000e+00,2.144999999999999685e-01
4.940000000000000000e+02,1.000000000000000000e+00,2.152499999999999969e-01
4.950000000000000000e+02,1.000000000000000000e+00,2.152499999999999969e-01
4.960000000000000000e+02,1.000000000000000000e+00,2.144999999999999685e-01
4.970000000000000000e+02,1.000000000000000000e+00,2.152499999999999969e-01
4.980000000000000000e+02,1.000000000000000000e+00,2.152499999999999969e-01
4.990000000000000000e+02,1.000000000000000000e+00,2.152499999999999969e-01
5.000000000000000000e+02,1.000000000000000000e+00,2.152499999999999969e-01
5.010000000000000000e+02,1.000000000000000000e+00,2.152499999999999969e-01
5.020000000000000000e+02,1.000000000000000000e+00,2.152499999999999969e-01
5.030000000000000000e+02,1.000000000000000000e+00,2.160000000000000253e-01
5.040000000000000000e+02,1.000000000000000000e+00,2.152499999999999969e-01
5.050000000000000000e+02,1.000000000000000000e+00,2.160000000000000253e-01
5.060000000000000000e+02,1.000000000000000000e+00,2.152499999999999969e-01
5.070000000000000000e+02,1.000000000000000000e+00,2.152499999999999969e-01
5.080000000000000000e+02,1.000000000000000000e+00,2.152499999999999969e-01
5.090000000000000000e+02,1.000000000000000000e+00,2.152499999999999969e-01
5.100000000000000000e+02,1.000000000000000000e+00,2.152499999999999969e-01
5.110000000000000000e+02,1.000000000000000000e+00,2.175000000000000822e-01
5.120000000000000000e+02,1.000000000000000000e+00,2.167500000000000537e-01
5.130000000000000000e+02,1.000000000000000000e+00,2.167500000000000537e-01
5.140000000000000000e+02,1.000000000000000000e+00,2.167500000000000537e-01
5.150000000000000000e+02,1.000000000000000000e+00,2.160000000000000253e-01
5.160000000000000000e+02,1.000000000000000000e+00,2.192500000000000837e-01
5.170000000000000000e+02,1.000000000000000000e+00,2.207499999999999463e-01
5.180000000000000000e+02,1.000000000000000000e+00,2.200000000000001121e-01
5.190000000000000000e+02,1.000000000000000000e+00,2.200000000000001121e-01
5.200000000000000000e+02,1.000000000000000000e+00,2.192500000000000837e-01
5.210000000000000000e+02,1.000000000000000000e+00,2.160000000000000253e-01
5.220000000000000000e+02,1.000000000000000000e+00,2.192500000000000837e-01
5.230000000000000000e+02,1.000000000000000000e+00,2.200000000000001121e-01
5.240000000000000000e+02,1.000000000000000000e+00,2.185000000000000553e-01
5.250000000000000000e+02,1.000000000000000000e+00,2.200000000000001121e-01
5.260000000000000000e+02,1.000000000000000000e+00,2.217500000000001137e-01
5.270000000000000000e+02,1.000000000000000000e+00,2.207499999999999463e-01
5.280000000000000000e+02,1.000000000000000000e+00,2.207499999999999463e-01
5.290000000000000000e+02,1.000000000000000000e+00,2.192500000000000837e-01
5.300000000000000000e+02,1.000000000000000000e+00,2.200000000000001121e-01
5.310000000000000000e+02,1.000000000000000000e+00,2.167500000000000537e-01
5.320000000000000000e+02,1.000000000000000000e+00,2.224999999999999756e-01
5.330000000000000000e+02,1.000000000000000000e+00,2.200000000000001121e-01
5.340000000000000000e+02,1.000000000000000000e+00,2.175000000000000822e-01
5.350000000000000000e+02,1.000000000000000000e+00,2.207499999999999463e-01
5.360000000000000000e+02,1.000000000000000000e+00,2.200000000000001121e-01
5.370000000000000000e+02,1.000000000000000000e+00,2.224999999999999756e-01
5.380000000000000000e+02,1.000000000000000000e+00,2.217500000000001137e-01
5.390000000000000000e+02,1.000000000000000000e+00,2.207499999999999463e-01
5.400000000000000000e+02,1.000000000000000000e+00,2.224999999999999756e-01
5.410000000000000000e+02,1.000000000000000000e+00,2.185000000000000553e-01
5.420000000000000000e+02,1.000000000000000000e+00,2.217500000000001137e-01
5.430000000000000000e+02,1.000000000000000000e+00,2.192500000000000837e-01
5.440000000000000000e+02,1.000000000000000000e+00,2.217500000000001137e-01
5.450000000000000000e+02,1.000000000000000000e+00,2.232500000000000040e-01
5.460000000000000000e+02,1.000000000000000000e+00,2.207499999999999463e-01
5.470000000000000000e+02,1.000000000000000000e+00,2.224999999999999756e-01
5.480000000000000000e+02,1.000000000000000000e+00,2.232500000000000040e-01
5.490000000000000000e+02,1.000000000000000000e+00,2.224999999999999756e-01
5.500000000000000000e+02,1.000000000000000000e+00,2.224999999999999756e-01
5.510000000000000000e+02,1.000000000000000000e+00,2.232500000000000040e-01
5.520000000000000000e+02,1.000000000000000000e+00,2.224999999999999756e-01
5.530000000000000000e+02,1.000000000000000000e+00,2.224999999999999756e-01
5.540000000000000000e+02,1.000000000000000000e+00,2.232500000000000040e-01
5.550000000000000000e+02,1.000000000000000000e+00,2.232500000000000040e-01
5.560000000000000000e+02,1.000000000000000000e+00,2.232500000000000040e-01
5.570000000000000000e+02,1.000000000000000000e+00,2.232500000000000040e-01
5.580000000000000000e+02,1.000000000000000000e+00,2.232500000000000040e-01
5.590000000000000000e+02,1.000000000000000000e+00,2.232500000000000040e-01
5.600000000000000000e+02,1.000000000000000000e+00,2.232500000000000040e-01
5.610000000000000000e+02,1.000000000000000000e+00,2.232500000000000040e-01
5.620000000000000000e+02,1.000000000000000000e+00,2.232500000000000040e-01
5.630000000000000000e+02,1.000000000000000000e+00,2.240000000000000324e-01
5.640000000000000000e+02,1.000000000000000000e+00,2.232500000000000040e-01
5.650000000000000000e+02,1.000000000000000000e+00,2.232500000000000040e-01
5.660000000000000000e+02,1.000000000000000000e+00,2.240000000000000324e-01
5.670000000000000000e+02,1.000000000000000000e+00,2.232500000000000040e-01
5.680000000000000000e+02,1.000000000000000000e+00,2.232500000000000040e-01
5.690000000000000000e+02,1.000000000000000000e+00,2.232500000000000040e-01
5.700000000000000000e+02,1.000000000000000000e+00,2.232500000000000040e-01
5.710000000000000000e+02,1.000000000000000000e+00,2.232500000000000040e-01
5.720000000000000000e+02,1.000000000000000000e+00,2.265000000000000624e-01
5.730000000000000000e+02,1.000000000000000000e+00,2.240000000000000324e-01
5.740000000000000000e+02,1.000000000000000000e+00,2.247500000000000608e-01
5.750000000000000000e+02,1.000000000000000000e+00,2.247500000000000608e-01
5.760000000000000000e+02,1.000000000000000000e+00,2.265000000000000624e-01
5.770000000000000000e+02,1.000000000000000000e+00,2.265000000000000624e-01
5.780000000000000000e+02,1.000000000000000000e+00,2.265000000000000624e-01
5.790000000000000000e+02,1.000000000000000000e+00,2.265000000000000624e-01
5.800000000000000000e+02,1.000000000000000000e+00,2.272500000000000908e-01
5.810000000000000000e+02,1.000000000000000000e+00,2.290000000000000924e-01
5.820000000000000000e+02,1.000000000000000000e+00,2.290000000000000924e-01
5.830000000000000000e+02,1.000000000000000000e+00,2.272500000000000908e-01
5.840000000000000000e+02,1.000000000000000000e+00,2.304999999999999827e-01
5.850000000000000000e+02,1.000000000000000000e+00,2.297499999999999543e-01
5.860000000000000000e+02,1.000000000000000000e+00,2.290000000000000924e-01
5.870000000000000000e+02,1.000000000000000000e+00,2.280000000000001192e-01
5.880000000000000000e+02,1.000000000000000000e+00,2.280000000000001192e-01
5.890000000000000000e+02,1.000000000000000000e+00,2.265000000000000624e-01
5.900000000000000000e+02,1.000000000000000000e+00,2.272500000000000908e-01
5.910000000000000000e+02,1.000000000000000000e+00,2.297499999999999543e-01
5.920000000000000000e+02,1.000000000000000000e+00,2.297499999999999543e-01
5.930000000000000000e+02,1.000000000000000000e+00,2.272500000000000908e-01
5.940000000000000000e+02,1.000000000000000000e+00,2.272500000000000908e-01
5.950000000000000000e+02,1.000000000000000000e+00,2.290000000000000924e-01
5.960000000000000000e+02,1.000000000000000000e+00,2.304999999999999827e-01
5.970000000000000000e+02,1.000000000000000000e+00,2.265000000000000624e-01
5.980000000000000000e+02,1.000000000000000000e+00,2.297499999999999543e-01
5.990000000000000000e+02,1.000000000000000000e+00,2.290000000000000924e-01
6.000000000000000000e+02,1.000000000000000000e+00,2.280000000000001192e-01
6.010000000000000000e+02,1.000000000000000000e+00,2.304999999999999827e-01
6.020000000000000000e+02,1.000000000000000000e+00,2.304999999999999827e-01
6.030000000000000000e+02,1.000000000000000000e+00,2.304999999999999827e-01
6.040000000000000000e+02,1.000000000000000000e+00,2.290000000000000924e-01
6.050000000000000000e+02,1.000000000000000000e+00,2.312500000000000111e-01
6.060000000000000000e+02,1.000000000000000000e+00,2.304999999999999827e-01
6.070000000000000000e+02,1.000000000000000000e+00,2.312500000000000111e-01
6.080000000000000000e+02,1.000000000000000000e+00,2.297499999999999543e-01
6.090000000000000000e+02,1.000000000000000000e+00,2.312500000000000111e-01
6.100000000000000000e+02,1.000000000000000000e+00,2.312500000000000111e-01
6.110000000000000000e+02,1.000000000000000000e+00,2.312500000000000111e-01
6.120000000000000000e+02,1.000000000000000000e+00,2.312500000000000111e-01
6.130000000000000000e+02,1.000000000000000000e+00,2.312500000000000111e-01
6.140000000000000000e+02,1.000000000000000000e+00,2.312500000000000111e-01
6.150000000000000000e+02,1.000000000000000000e+00,2.312500000000000111e-01
6.160000000000000000e+02,1.000000000000000000e+00,2.290000000000000924e-01
6.170000000000000000e+02,1.000000000000000000e+00,2.297499999999999543e-01
6.180000000000000000e+02,1.000000000000000000e+00,2.312500000000000111e-01
6.190000000000000000e+02,1.000000000000000000e+00,2.304999999999999827e-01
6.200000000000000000e+02,1.000000000000000000e+00,2.304999999999999827e-01
6.210000000000000000e+02,1.000000000000000000e+00,2.312500000000000111e-01
6.220000000000000000e+02,1.000000000000000000e+00,2.312500000000000111e-01
6.230000000000000000e+02,1.000000000000000000e+00,2.320000000000000395e-01
6.240000000000000000e+02,1.000000000000000000e+00,2.312500000000000111e-01
6.250000000000000000e+02,1.000000000000000000e+00,2.330000000000001792e-01
6.260000000000000000e+02,1.000000000000000000e+00,2.330000000000001792e-01
6.270000000000000000e+02,1.000000000000000000e+00,2.330000000000001792e-01
6.280000000000000000e+02,1.000000000000000000e+00,2.320000000000000395e-01
6.290000000000000000e+02,1.000000000000000000e+00,2.312500000000000111e-01
6.300000000000000000e+02,1.000000000000000000e+00,2.320000000000000395e-01
6.310000000000000000e+02,1.000000000000000000e+00,2.330000000000001792e-01
6.320000000000000000e+02,1.000000000000000000e+00,2.330000000000001792e-01
6.330000000000000000e+02,1.000000000000000000e+00,2.312500000000000111e-01
6.340000000000000000e+02,1.000000000000000000e+00,2.312500000000000111e-01
6.350000000000000000e+02,1.000000000000000000e+00,2.312500000000000111e-01
6.360000000000000000e+02,1.000000000000000000e+00,2.312500000000000111e-01
6.370000000000000000e+02,1.000000000000000000e+00,2.312500000000000111e-01
6.380000000000000000e+02,1.000000000000000000e+00,2.312500000000000111e-01
6.390000000000000000e+02,1.000000000000000000e+00,2.312500000000000111e-01
6.400000000000000000e+02,1.000000000000000000e+00,2.312500000000000111e-01
6.410000000000000000e+02,1.000000000000000000e+00,2.312500000000000111e-01
6.420000000000000000e+02,1.000000000000000000e+00,2.312500000000000111e-01
6.430000000000000000e+02,1.000000000000000000e+00,2.312500000000000111e-01
6.440000000000000000e+02,1.000000000000000000e+00,2.320000000000000395e-01
6.450000000000000000e+02,1.000000000000000000e+00,2.312500000000000111e-01
6.460000000000000000e+02,1.000000000000000000e+00,2.312500000000000111e-01
6.470000000000000000e+02,1.000000000000000000e+00,2.312500000000000111e-01
6.480000000000000000e+02,1.000000000000000000e+00,2.312500000000000111e-01
6.490000000000000000e+02,1.000000000000000000e+00,2.312500000000000111e-01
6.500000000000000000e+02,1.000000000000000000e+00,2.312500000000000111e-01
6.510000000000000000e+02,1.000000000000000000e+00,2.312500000000000111e-01
6.520000000000000000e+02,1.000000000000000000e+00,2.312500000000000111e-01
6.530000000000000000e+02,1.000000000000000000e+00,2.312500000000000111e-01
6.540000000000000000e+02,1.000000000000000000e+00,2.312500000000000111e-01
6.550000000000000000e+02,1.000000000000000000e+00,2.312500000000000111e-01
6.560000000000000000e+02,1.000000000000000000e+00,2.312500000000000111e-01
6.570000000000000000e+02,1.000000000000000000e+00,2.312500000000000111e-01
6.580000000000000000e+02,1.000000000000000000e+00,2.320000000000000395e-01
6.590000000000000000e+02,1.000000000000000000e+00,2.320000000000000395e-01
6.600000000000000000e+02,1.000000000000000000e+00,2.337500000000002076e-01
6.610000000000000000e+02,1.000000000000000000e+00,2.320000000000000395e-01
6.620000000000000000e+02,1.000000000000000000e+00,2.320000000000000395e-01
6.630000000000000000e+02,1.000000000000000000e+00,2.312500000000000111e-01
6.640000000000000000e+02,1.000000000000000000e+00,2.312500000000000111e-01
6.650000000000000000e+02,1.000000000000000000e+00,2.312500000000000111e-01
6.660000000000000000e+02,1.000000000000000000e+00,2.312500000000000111e-01
6.670000000000000000e+02,1.000000000000000000e+00,2.320000000000000395e-01
6.680000000000000000e+02,1.000000000000000000e+00,2.312500000000000111e-01
6.690000000000000000e+02,1.000000000000000000e+00,2.312500000000000111e-01
6.700000000000000000e+02,1.000000000000000000e+00,2.312500000000000111e-01
6.710000000000000000e+02,1.000000000000000000e+00,2.320000000000000395e-01
6.720000000000000000e+02,1.000000000000000000e+00,2.330000000000001792e-01
6.730000000000000000e+02,1.000000000000000000e+00,2.330000000000001792e-01
6.740000000000000000e+02,1.000000000000000000e+00,2.330000000000001792e-01
6.750000000000000000e+02,1.000000000000000000e+00,2.330000000000001792e-01
6.760000000000000000e+02,1.000000000000000000e+00,2.337500000000002076e-01
6.770000000000000000e+02,1.000000000000000000e+00,2.330000000000001792e-01
6.780000000000000000e+02,1.000000000000000000e+00,2.320000000000000395e-01
6.790000000000000000e+02,1.000000000000000000e+00,2.362500000000000711e-01
6.800000000000000000e+02,1.000000000000000000e+00,2.344999999999998752e-01
6.810000000000000000e+02,1.000000000000000000e+00,2.344999999999998752e-01
6.820000000000000000e+02,1.000000000000000000e+00,2.362500000000000711e-01
6.830000000000000000e+02,1.000000000000000000e+00,2.352499999999999036e-01
6.840000000000000000e+02,1.000000000000000000e+00,2.330000000000001792e-01
6.850000000000000000e+02,1.000000000000000000e+00,2.377500000000001279e-01
6.860000000000000000e+02,1.000000000000000000e+00,2.377500000000001279e-01
6.870000000000000000e+02,1.000000000000000000e+00,2.377500000000001279e-01
6.880000000000000000e+02,1.000000000000000000e+00,2.392500000000001847e-01
6.890000000000000000e+02,1.000000000000000000e+00,2.377500000000001279e-01
6.900000000000000000e+02,1.000000000000000000e+00,2.385000000000001563e-01
6.910000000000000000e+02,1.000000000000000000e+00,2.377500000000001279e-01
6.920000000000000000e+02,1.000000000000000000e+00,2.377500000000001279e-01
6.930000000000000000e+02,1.000000000000000000e+00,2.392500000000001847e-01
6.940000000000000000e+02,1.000000000000000000e+00,2.377500000000001279e-01
6.950000000000000000e+02,1.000000000000000000e+00,2.385000000000001563e-01
6.960000000000000000e+02,1.000000000000000000e+00,2.392500000000001847e-01
6.970000000000000000e+02,1.000000000000000000e+00,2.392500000000001847e-01
6.980000000000000000e+02,1.000000000000000000e+00,2.410000000000000198e-01
6.990000000000000000e+02,1.000000000000000000e+00,2.402499999999999913e-01
7.000000000000000000e+02,1.000000000000000000e+00,2.392500000000001847e-01
7.010000000000000000e+02,1.000000000000000000e+00,2.392500000000001847e-01
7.020000000000000000e+02,1.000000000000000000e+00,2.392500000000001847e-01
7.030000000000000000e+02,1.000000000000000000e+00,2.392500000000001847e-01
7.040000000000000000e+02,1.000000000000000000e+00,2.410000000000000198e-01
7.050000000000000000e+02,1.000000000000000000e+00,2.392500000000001847e-01
7.060000000000000000e+02,1.000000000000000000e+00,2.377500000000001279e-01
7.070000000000000000e+02,1.000000000000000000e+00,2.392500000000001847e-01
7.080000000000000000e+02,1.000000000000000000e+00,2.402499999999999913e-01
7.090000000000000000e+02,1.000000000000000000e+00,2.402499999999999913e-01
7.100000000000000000e+02,1.000000000000000000e+00,2.392500000000001847e-01
7.110000000000000000e+02,1.000000000000000000e+00,2.392500000000001847e-01
7.120000000000000000e+02,1.000000000000000000e+00,2.392500000000001847e-01
7.130000000000000000e+02,1.000000000000000000e+00,2.392500000000001847e-01
7.140000000000000000e+02,1.000000000000000000e+00,2.392500000000001847e-01
7.150000000000000000e+02,1.000000000000000000e+00,2.392500000000001847e-01
7.160000000000000000e+02,1.000000000000000000e+00,2.410000000000000198e-01
7.170000000000000000e+02,1.000000000000000000e+00,2.402499999999999913e-01
7.180000000000000000e+02,1.000000000000000000e+00,2.402499999999999913e-01
7.190000000000000000e+02,1.000000000000000000e+00,2.402499999999999913e-01
7.200000000000000000e+02,1.000000000000000000e+00,2.417500000000000482e-01
7.210000000000000000e+02,1.000000000000000000e+00,2.410000000000000198e-01
7.220000000000000000e+02,1.000000000000000000e+00,2.402499999999999913e-01
7.230000000000000000e+02,1.000000000000000000e+00,2.402499999999999913e-01
7.240000000000000000e+02,1.000000000000000000e+00,2.417500000000000482e-01
7.250000000000000000e+02,1.000000000000000000e+00,2.410000000000000198e-01
7.260000000000000000e+02,1.000000000000000000e+00,2.410000000000000198e-01
7.270000000000000000e+02,1.000000000000000000e+00,2.425000000000000766e-01
7.280000000000000000e+02,1.000000000000000000e+00,2.434999999999998832e-01
7.290000000000000000e+02,1.000000000000000000e+00,2.392500000000001847e-01
7.300000000000000000e+02,1.000000000000000000e+00,2.449999999999999400e-01
7.310000000000000000e+02,1.000000000000000000e+00,2.442499999999999116e-01
7.320000000000000000e+02,1.000000000000000000e+00,2.449999999999999400e-01
7.330000000000000000e+02,1.000000000000000000e+00,2.425000000000000766e-01
7.340000000000000000e+02,1.000000000000000000e+00,2.442499999999999116e-01
7.350000000000000000e+02,1.000000000000000000e+00,2.442499999999999116e-01
7.360000000000000000e+02,1.000000000000000000e+00,2.434999999999998832e-01
7.370000000000000000e+02,1.000000000000000000e+00,2.442499999999999116e-01
7.380000000000000000e+02,1.000000000000000000e+00,2.442499999999999116e-01
7.390000000000000000e+02,1.000000000000000000e+00,2.442499999999999116e-01
7.400000000000000000e+02,1.000000000000000000e+00,2.434999999999998832e-01
7.410000000000000000e+02,1.000000000000000000e+00,2.425000000000000766e-01
7.420000000000000000e+02,1.000000000000000000e+00,2.442499999999999116e-01
7.430000000000000000e+02,1.000000000000000000e+00,2.457499999999999685e-01
7.440000000000000000e+02,1.000000000000000000e+00,2.449999999999999400e-01
7.450000000000000000e+02,1.000000000000000000e+00,2.417500000000000482e-01
7.460000000000000000e+02,1.000000000000000000e+00,2.417500000000000482e-01
