tm,MVm,PVm
0.000000000000000000e+00,0.000000000000000000e+00,0.000000000000000000e+00
1.000000000000000000e+00,1.000000000000000000e+00,3.250000000000064036e-03
2.000000000000000000e+00,1.000000000000000000e+00,1.500000000000056843e-03
3.000000000000000000e+00,1.000000000000000000e+00,4.000000000000092024e-03
4.000000000000000000e+00,1.000000000000000000e+00,7.500000000000284217e-04
5.000000000000000000e+00,1.000000000000000000e+00,1.500000000000056843e-03
6.000000000000000000e+00,1.000000000000000000e+00,1.500000000000056843e-03
7.000000000000000000e+00,1.000000000000000000e+00,4.000000000000092024e-03
8.000000000000000000e+00,1.000000000000000000e+00,2.250000000000085265e-03
9.000000000000000000e+00,1.000000000000000000e+00,3.250000000000064036e-03
1.000000000000000000e+01,1.000000000000000000e+00,0.000000000000000000e+00
1.100000000000000000e+01,1.000000000000000000e+00,7.500000000000284217e-04
1.200000000000000000e+01,1.000000000000000000e+00,2.250000000000085265e-03
1.300000000000000000e+01,1.000000000000000000e+00,2.250000000000085265e-03
1.400000000000000000e+01,1.000000000000000000e+00,4.000000000000092024e-03
1.500000000000000000e+01,1.000000000000000000e+00,4.749999999999943504e-03
1.600000000000000000e+01,1.000000000000000000e+00,4.749999999999943504e-03
1.700000000000000000e+01,1.000000000000000000e+00,6.250000000000000347e-03
1.800000000000000000e+01,1.000000000000000000e+00,4.749999999999943504e-03
1.900000000000000000e+01,1.000000000000000000e+00,8.000000000000007105e-03
2.000000000000000000e+01,1.000000000000000000e+00,9.500000000000063949e-03
2.100000000000000000e+01,1.000000000000000000e+00,8.000000000000007105e-03
2.200000000000000000e+01,1.000000000000000000e+00,1.125000000000007071e-02
2.300000000000000000e+01,1.000000000000000000e+00,1.125000000000007071e-02
2.400000000000000000e+01,1.000000000000000000e+00,1.274999999999995061e-02
2.500000000000000000e+01,1.000000000000000000e+00,1.524999999999998579e-02
2.600000000000000000e+01,1.000000000000000000e+00,1.349999999999997903e-02
2.700000000000000000e+01,1.000000000000000000e+00,1.600000000000001421e-02
2.800000000000000000e+01,1.000000000000000000e+00,2.100000000000008457e-02
2.900000000000000000e+01,1.000000000000000000e+00,2.000000000000010797e-02
3.000000000000000000e+01,1.000000000000000000e+00,2.000000000000010797e-02
3.100000000000000000e+01,1.000000000000000000e+00,2.100000000000008457e-02
3.200000000000000000e+01,1.000000000000000000e+00,2.100000000000008457e-02
3.300000000000000000e+01,1.000000000000000000e+00,2.324999999999999289e-02
3.400000000000000000e+01,1.000000000000000000e+00,2.575000000000002981e-02
3.500000000000000000e+01,1.000000000000000000e+00,2.650000000000005823e-02
3.600000000000000000e+01,1.000000000000000000e+00,2.900000000000009168e-02
3.700000000000000000e+01,1.000000000000000000e+00,2.900000000000009168e-02
3.800000000000000000e+01,1.000000000000000000e+00,3.125000000000000000e-02
3.900000000000000000e+01,1.000000000000000000e+00,3.300000000000000849e-02
4.000000000000000000e+01,1.000000000000000000e+00,3.450000000000006534e-02
4.100000000000000000e+01,1.000000000000000000e+00,3.625000000000007383e-02
4.200000000000000000e+01,1.000000000000000000e+00,3.700000000000010225e-02
4.300000000000000000e+01,1.000000000000000000e+00,3.774999999999995026e-02
4.400000000000000000e+01,1.000000000000000000e+00,4.024999999999998718e-02
4.500000000000000000e+01,1.000000000000000000e+00,4.275000000000002409e-02
4.600000000000000000e+01,1.000000000000000000e+00,4.500000000000010936e-02
4.700000000000000000e+01,1.000000000000000000e+00,4.574999999999995737e-02
4.800000000000000000e+01,1.000000000000000000e+00,4.500000000000010936e-02
4.900000000000000000e+01,1.000000000000000000e+00,4.749999999999996586e-02
5.000000000000000000e+01,1.000000000000000000e+00,5.150000000000005962e-02
5.100000000000000000e+01,1.000000000000000000e+00,5.400000000000008959e-02
5.200000000000000000e+01,1.000000000000000000e+00,5.299999999999993605e-02
5.300000000000000000e+01,1.000000000000000000e+00,5.474999999999994454e-02
5.400000000000000000e+01,1.000000000000000000e+00,5.299999999999993605e-02
5.500000000000000000e+01,1.000000000000000000e+00,5.950000000000006672e-02
5.600000000000000000e+01,1.000000000000000000e+00,5.950000000000006672e-02
5.700000000000000000e+01,1.000000000000000000e+00,6.200000000000009670e-02
5.800000000000000000e+01,1.000000000000000000e+00,6.274999999999994471e-02
5.900000000000000000e+01,1.000000000000000000e+00,6.274999999999994471e-02
6.000000000000000000e+01,1.000000000000000000e+00,6.449999999999996014e-02
6.100000000000000000e+01,1.000000000000000000e+00,6.925000000000007538e-02
6.200000000000000000e+01,1.000000000000000000e+00,6.925000000000007538e-02
6.300000000000000000e+01,1.000000000000000000e+00,7.000000000000010381e-02
6.400000000000000000e+01,1.000000000000000000e+00,7.249999999999996725e-02
6.500000000000000000e+01,1.000000000000000000e+00,7.475000000000005251e-02
6.600000000000000000e+01,1.000000000000000000e+00,7.324999999999999567e-02
6.700000000000000000e+01,1.000000000000000000e+00,7.725000000000008249e-02
6.800000000000000000e+01,1.000000000000000000e+00,7.799999999999993050e-02
6.900000000000000000e+01,1.000000000000000000e+00,7.900000000000009792e-02
7.000000000000000000e+01,1.000000000000000000e+00,7.799999999999993050e-02
7.100000000000000000e+01,1.000000000000000000e+00,8.375000000000003275e-02
7.200000000000000000e+01,1.000000000000000000e+00,8.525000000000008959e-02
7.300000000000000000e+01,1.000000000000000000e+00,8.525000000000008959e-02
7.400000000000000000e+01,1.000000000000000000e+00,8.525000000000008959e-02
7.500000000000000000e+01,1.000000000000000000e+00,8.849999999999998146e-02
7.600000000000000000e+01,1.000000000000000000e+00,9.024999999999998301e-02
7.700000000000000000e+01,1.000000000000000000e+00,9.250000000000006828e-02
7.800000000000000000e+01,1.000000000000000000e+00,9.250000000000006828e-02
7.900000000000000000e+01,1.000000000000000000e+00,9.500000000000011213e-02
8.000000000000000000e+01,1.000000000000000000e+00,9.649999999999998856e-02
8.100000000000000000e+01,1.000000000000000000e+00,1.007500000000000340e-01
8.200000000000000000e+01,1.000000000000000000e+00,9.975000000000004696e-02
8.300000000000000000e+01,1.000000000000000000e+00,1.022500000000000908e-01
8.400000000000000000e+01,1.000000000000000000e+00,1.015000000000000624e-01
8.500000000000000000e+01,1.000000000000000000e+00,1.037499999999999672e-01
8.600000000000000000e+01,1.000000000000000000e+00,1.047499999999999404e-01
8.700000000000000000e+01,1.000000000000000000e+00,1.070000000000000256e-01
8.800000000000000000e+01,1.000000000000000000e+00,1.087500000000000411e-01
8.900000000000000000e+01,1.000000000000000000e+00,1.102500000000000979e-01
9.000000000000000000e+01,1.000000000000000000e+00,1.095000000000000695e-01
9.100000000000000000e+01,1.000000000000000000e+00,1.102500000000000979e-01
9.200000000000000000e+01,1.000000000000000000e+00,1.120000000000000995e-01
9.300000000000000000e+01,1.000000000000000000e+00,1.152499999999999913e-01
9.400000000000000000e+01,1.000000000000000000e+00,1.167500000000000482e-01
9.500000000000000000e+01,1.000000000000000000e+00,1.175000000000000766e-01
9.600000000000000000e+01,1.000000000000000000e+00,1.175000000000000766e-01
9.700000000000000000e+01,1.000000000000000000e+00,1.182500000000001050e-01
9.800000000000000000e+01,1.000000000000000000e+00,1.224999999999999700e-01
9.900000000000000000e+01,1.000000000000000000e+00,1.247500000000000553e-01
1.000000000000000000e+02,1.000000000000000000e+00,1.247500000000000553e-01
1.010000000000000000e+02,1.000000000000000000e+00,1.255000000000000837e-01
1.020000000000000000e+02,1.000000000000000000e+00,1.255000000000000837e-01
1.030000000000000000e+02,1.000000000000000000e+00,1.297499999999999487e-01
1.040000000000000000e+02,1.000000000000000000e+00,1.297499999999999487e-01
1.050000000000000000e+02,1.000000000000000000e+00,1.312500000000000056e-01
1.060000000000000000e+02,1.000000000000000000e+00,1.327500000000000624e-01
1.070000000000000000e+02,1.000000000000000000e+00,1.337500000000000355e-01
1.080000000000000000e+02,1.000000000000000000e+00,1.345000000000000639e-01
1.090000000000000000e+02,1.000000000000000000e+00,1.359999999999999543e-01
1.100000000000000000e+02,1.000000000000000000e+00,1.384999999999999842e-01
1.110000000000000000e+02,1.000000000000000000e+00,1.377499999999999558e-01
1.120000000000000000e+02,1.000000000000000000e+00,1.384999999999999842e-01
1.130000000000000000e+02,1.000000000000000000e+00,1.417500000000000426e-01
1.140000000000000000e+02,1.000000000000000000e+00,1.417500000000000426e-01
1.150000000000000000e+02,1.000000000000000000e+00,1.425000000000000711e-01
1.160000000000000000e+02,1.000000000000000000e+00,1.442500000000000726e-01
1.170000000000000000e+02,1.000000000000000000e+00,1.472500000000000198e-01
1.180000000000000000e+02,1.000000000000000000e+00,1.457499999999999629e-01
1.190000000000000000e+02,1.000000000000000000e+00,1.472500000000000198e-01
1.200000000000000000e+02,1.000000000000000000e+00,1.497500000000000497e-01
1.210000000000000000e+02,1.000000000000000000e+00,1.497500000000000497e-01
1.220000000000000000e+02,1.000000000000000000e+00,1.505000000000000782e-01
1.230000000000000000e+02,1.000000000000000000e+00,1.505000000000000782e-01
1.240000000000000000e+02,1.000000000000000000e+00,1.537499999999999700e-01
1.250000000000000000e+02,1.000000000000000000e+00,1.522500000000000797e-01
1.260000000000000000e+02,1.000000000000000000e+00,1.554999999999999716e-01
1.270000000000000000e+02,1.000000000000000000e+00,1.562500000000000000e-01
1.280000000000000000e+02,1.000000000000000000e+00,1.577500000000000568e-01
1.290000000000000000e+02,1.000000000000000000e+00,1.577500000000000568e-01
1.300000000000000000e+02,1.000000000000000000e+00,1.595000000000000584e-01
1.310000000000000000e+02,1.000000000000000000e+00,1.609999999999999487e-01
1.320000000000000000e+02,1.000000000000000000e+00,1.602500000000000868e-01
1.330000000000000000e+02,1.000000000000000000e+00,1.617499999999999771e-01
1.340000000000000000e+02,1.000000000000000000e+00,1.617499999999999771e-01
1.350000000000000000e+02,1.000000000000000000e+00,1.642500000000000071e-01
1.360000000000000000e+02,1.000000000000000000e+00,1.667500000000000371e-01
1.370000000000000000e+02,1.000000000000000000e+00,1.660000000000000087e-01
1.380000000000000000e+02,1.000000000000000000e+00,1.700000000000000955e-01
1.390000000000000000e+02,1.000000000000000000e+00,1.675000000000000655e-01
1.400000000000000000e+02,1.000000000000000000e+00,1.682500000000000939e-01
1.410000000000000000e+02,1.000000000000000000e+00,1.714999999999999858e-01
1.420000000000000000e+02,1.000000000000000000e+00,1.714999999999999858e-01
1.430000000000000000e+02,1.000000000000000000e+00,1.722500000000000142e-01
1.440000000000000000e+02,1.000000000000000000e+00,1.732499999999999873e-01
1.450000000000000000e+02,1.000000000000000000e+00,1.740000000000000158e-01
1.460000000000000000e+02,1.000000000000000000e+00,1.747500000000000442e-01
1.470000000000000000e+02,1.000000000000000000e+00,1.772500000000000742e-01
1.480000000000000000e+02,1.000000000000000000e+00,1.779999999999999361e-01
1.490000000000000000e+02,1.000000000000000000e+00,1.812499999999999944e-01
1.500000000000000000e+02,1.000000000000000000e+00,1.812499999999999944e-01
1.510000000000000000e+02,1.000000000000000000e+00,1.812499999999999944e-01
1.520000000000000000e+02,1.000000000000000000e+00,1.820000000000000229e-01
1.530000000000000000e+02,1.000000000000000000e+00,1.820000000000000229e-01
1.540000000000000000e+02,1.000000000000000000e+00,1.820000000000000229e-01
1.550000000000000000e+02,1.000000000000000000e+00,1.820000000000000229e-01
1.560000000000000000e+02,1.000000000000000000e+00,1.852500000000000813e-01
1.570000000000000000e+02,1.000000000000000000e+00,1.827500000000000513e-01
1.580000000000000000e+02,1.000000000000000000e+00,1.877499999999999447e-01
1.590000000000000000e+02,1.000000000000000000e+00,1.892500000000000016e-01
1.600000000000000000e+02,1.000000000000000000e+00,1.892500000000000016e-01
1.610000000000000000e+02,1.000000000000000000e+00,1.900000000000000300e-01
1.620000000000000000e+02,1.000000000000000000e+00,1.900000000000000300e-01
1.630000000000000000e+02,1.000000000000000000e+00,1.900000000000000300e-01
1.640000000000000000e+02,1.000000000000000000e+00,1.932500000000000884e-01
1.650000000000000000e+02,1.000000000000000000e+00,1.950000000000001177e-01
1.660000000000000000e+02,1.000000000000000000e+00,1.939999999999999503e-01
1.670000000000000000e+02,1.000000000000000000e+00,1.972500000000000087e-01
1.680000000000000000e+02,1.000000000000000000e+00,1.980000000000000371e-01
1.690000000000000000e+02,1.000000000000000000e+00,1.980000000000000371e-01
1.700000000000000000e+02,1.000000000000000000e+00,1.997500000000000386e-01
1.710000000000000000e+02,1.000000000000000000e+00,1.980000000000000371e-01
1.720000000000000000e+02,1.000000000000000000e+00,1.997500000000000386e-01
1.730000000000000000e+02,1.000000000000000000e+00,1.980000000000000371e-01
1.740000000000000000e+02,1.000000000000000000e+00,2.022500000000000964e-01
1.750000000000000000e+02,1.000000000000000000e+00,2.029999999999999305e-01
1.760000000000000000e+02,1.000000000000000000e+00,2.044999999999999873e-01
1.770000000000000000e+02,1.000000000000000000e+00,2.062499999999999889e-01
1.780000000000000000e+02,1.000000000000000000e+00,2.044999999999999873e-01
1.790000000000000000e+02,1.000000000000000000e+00,2.044999999999999873e-01
1.800000000000000000e+02,1.000000000000000000e+00,2.062499999999999889e-01
1.810000000000000000e+02,1.000000000000000000e+00,2.062499999999999889e-01
1.820000000000000000e+02,1.000000000000000000e+00,2.102500000000001035e-01
1.830000000000000000e+02,1.000000000000000000e+00,2.109999999999999376e-01
1.840000000000000000e+02,1.000000000000000000e+00,2.070000000000000173e-01
1.850000000000000000e+02,1.000000000000000000e+00,2.109999999999999376e-01
1.860000000000000000e+02,1.000000000000000000e+00,2.124999999999999944e-01
1.870000000000000000e+02,1.000000000000000000e+00,2.142499999999999960e-01
1.880000000000000000e+02,1.000000000000000000e+00,2.142499999999999960e-01
1.890000000000000000e+02,1.000000000000000000e+00,2.142499999999999960e-01
1.900000000000000000e+02,1.000000000000000000e+00,2.150000000000000244e-01
1.910000000000000000e+02,1.000000000000000000e+00,2.167500000000000537e-01
1.920000000000000000e+02,1.000000000000000000e+00,2.167500000000000537e-01
1.930000000000000000e+02,1.000000000000000000e+00,2.175000000000000822e-01
1.940000000000000000e+02,1.000000000000000000e+00,2.189999999999999447e-01
1.950000000000000000e+02,1.000000000000000000e+00,2.197499999999999731e-01
1.960000000000000000e+02,1.000000000000000000e+00,2.207499999999999463e-01
1.970000000000000000e+02,1.000000000000000000e+00,2.214999999999999747e-01
1.980000000000000000e+02,1.000000000000000000e+00,2.222500000000000031e-01
1.990000000000000000e+02,1.000000000000000000e+00,2.222500000000000031e-01
2.000000000000000000e+02,1.000000000000000000e+00,2.230000000000000315e-01
2.010000000000000000e+02,1.000000000000000000e+00,2.230000000000000315e-01
2.020000000000000000e+02,1.000000000000000000e+00,2.247500000000000608e-01
2.030000000000000000e+02,1.000000000000000000e+00,2.247500000000000608e-01
2.040000000000000000e+02,1.000000000000000000e+00,2.287499999999999534e-01
2.050000000000000000e+02,1.000000000000000000e+00,2.262500000000001177e-01
2.060000000000000000e+02,1.000000000000000000e+00,2.262500000000001177e-01
2.070000000000000000e+02,1.000000000000000000e+00,2.287499999999999534e-01
2.080000000000000000e+02,1.000000000000000000e+00,2.302500000000000102e-01
2.090000000000000000e+02,1.000000000000000000e+00,2.302500000000000102e-01
2.100000000000000000e+02,1.000000000000000000e+00,2.302500000000000102e-01
2.110000000000000000e+02,1.000000000000000000e+00,2.294999999999999818e-01
2.120000000000000000e+02,1.000000000000000000e+00,2.302500000000000102e-01
2.130000000000000000e+02,1.000000000000000000e+00,2.302500000000000102e-01
2.140000000000000000e+02,1.000000000000000000e+00,2.302500000000000102e-01
2.150000000000000000e+02,1.000000000000000000e+00,2.327500000000000679e-01
2.160000000000000000e+02,1.000000000000000000e+00,2.335000000000000964e-01
2.170000000000000000e+02,1.000000000000000000e+00,2.335000000000000964e-01
2.180000000000000000e+02,1.000000000000000000e+00,2.384999999999999898e-01
2.190000000000000000e+02,1.000000000000000000e+00,2.367499999999999605e-01
2.200000000000000000e+02,1.000000000000000000e+00,2.384999999999999898e-01
2.210000000000000000e+02,1.000000000000000000e+00,2.384999999999999898e-01
2.220000000000000000e+02,1.000000000000000000e+00,2.400000000000000466e-01
2.230000000000000000e+02,1.000000000000000000e+00,2.392500000000000182e-01
2.240000000000000000e+02,1.000000000000000000e+00,2.392500000000000182e-01
2.250000000000000000e+02,1.000000000000000000e+00,2.400000000000000466e-01
2.260000000000000000e+02,1.000000000000000000e+00,2.425000000000000766e-01
2.270000000000000000e+02,1.000000000000000000e+00,2.417500000000000482e-01
2.280000000000000000e+02,1.000000000000000000e+00,2.425000000000000766e-01
2.290000000000000000e+02,1.000000000000000000e+00,2.432500000000001050e-01
2.300000000000000000e+02,1.000000000000000000e+00,2.425000000000000766e-01
2.310000000000000000e+02,1.000000000000000000e+00,2.457499999999999685e-01
2.320000000000000000e+02,1.000000000000000000e+00,2.464999999999999969e-01
2.330000000000000000e+02,1.000000000000000000e+00,2.464999999999999969e-01
2.340000000000000000e+02,1.000000000000000000e+00,2.457499999999999685e-01
2.350000000000000000e+02,1.000000000000000000e+00,2.472500000000000253e-01
2.360000000000000000e+02,1.000000000000000000e+00,2.497500000000000553e-01
2.370000000000000000e+02,1.000000000000000000e+00,2.472500000000000253e-01
2.380000000000000000e+02,1.000000000000000000e+00,2.497500000000000553e-01
2.390000000000000000e+02,1.000000000000000000e+00,2.497500000000000553e-01
2.400000000000000000e+02,1.000000000000000000e+00,2.512500000000000844e-01
2.410000000000000000e+02,1.000000000000000000e+00,2.545000000000000040e-01
2.420000000000000000e+02,1.000000000000000000e+00,2.505000000000000560e-01
2.430000000000000000e+02,1.000000000000000000e+00,2.519999999999999463e-01
2.440000000000000000e+02,1.000000000000000000e+00,2.545000000000000040e-01
2.450000000000000000e+02,1.000000000000000000e+00,2.545000000000000040e-01
2.460000000000000000e+02,1.000000000000000000e+00,2.545000000000000040e-01
2.470000000000000000e+02,1.000000000000000000e+00,2.545000000000000040e-01
2.480000000000000000e+02,1.000000000000000000e+00,2.545000000000000040e-01
2.490000000000000000e+02,1.000000000000000000e+00,2.570000000000000062e-01
2.500000000000000000e+02,1.000000000000000000e+00,2.585000000000000631e-01
2.510000000000000000e+02,1.000000000000000000e+00,2.570000000000000062e-01
2.520000000000000000e+02,1.000000000000000000e+00,2.602500000000000924e-01
2.530000000000000000e+02,1.000000000000000000e+00,2.577500000000000346e-01
2.540000000000000000e+02,1.000000000000000000e+00,2.602500000000000924e-01
2.550000000000000000e+02,1.000000000000000000e+00,2.609999999999999543e-01
2.560000000000000000e+02,1.000000000000000000e+00,2.617499999999999827e-01
2.570000000000000000e+02,1.000000000000000000e+00,2.634999999999999565e-01
2.580000000000000000e+02,1.000000000000000000e+00,2.625000000000000111e-01
2.590000000000000000e+02,1.000000000000000000e+00,2.625000000000000111e-01
2.600000000000000000e+02,1.000000000000000000e+00,2.634999999999999565e-01
2.610000000000000000e+02,1.000000000000000000e+00,2.634999999999999565e-01
2.620000000000000000e+02,1.000000000000000000e+00,2.657500000000000417e-01
2.630000000000000000e+02,1.000000000000000000e+00,2.634999999999999565e-01
2.640000000000000000e+02,1.000000000000000000e+00,2.657500000000000417e-01
2.650000000000000000e+02,1.000000000000000000e+00,2.650000000000000133e-01
2.660000000000000000e+02,1.000000000000000000e+00,2.682500000000000995e-01
2.670000000000000000e+02,1.000000000000000000e+00,2.675000000000000711e-01
2.680000000000000000e+02,1.000000000000000000e+00,2.682500000000000995e-01
2.690000000000000000e+02,1.000000000000000000e+00,2.697499999999999898e-01
2.700000000000000000e+02,1.000000000000000000e+00,2.697499999999999898e-01
2.710000000000000000e+02,1.000000000000000000e+00,2.707499999999999352e-01
2.720000000000000000e+02,1.000000000000000000e+00,2.707499999999999352e-01
2.730000000000000000e+02,1.000000000000000000e+00,2.707499999999999352e-01
2.740000000000000000e+02,1.000000000000000000e+00,2.707499999999999352e-01
2.750000000000000000e+02,1.000000000000000000e+00,2.707499999999999352e-01
2.760000000000000000e+02,1.000000000000000000e+00,2.707499999999999352e-01
2.770000000000000000e+02,1.000000000000000000e+00,2.714999999999999636e-01
2.780000000000000000e+02,1.000000000000000000e+00,2.755000000000000782e-01
2.790000000000000000e+02,1.000000000000000000e+00,2.730000000000000204e-01
2.800000000000000000e+02,1.000000000000000000e+00,2.747500000000000497e-01
2.810000000000000000e+02,1.000000000000000000e+00,2.737500000000000488e-01
2.820000000000000000e+02,1.000000000000000000e+00,2.755000000000000782e-01
2.830000000000000000e+02,1.000000000000000000e+00,2.779999999999999138e-01
2.840000000000000000e+02,1.000000000000000000e+00,2.787499999999999423e-01
2.850000000000000000e+02,1.000000000000000000e+00,2.762500000000001066e-01
2.860000000000000000e+02,1.000000000000000000e+00,2.779999999999999138e-01
2.870000000000000000e+02,1.000000000000000000e+00,2.787499999999999423e-01
2.880000000000000000e+02,1.000000000000000000e+00,2.787499999999999423e-01
2.890000000000000000e+02,1.000000000000000000e+00,2.787499999999999423e-01
2.900000000000000000e+02,1.000000000000000000e+00,2.787499999999999423e-01
2.910000000000000000e+02,1.000000000000000000e+00,2.787499999999999423e-01
2.920000000000000000e+02,1.000000000000000000e+00,2.794999999999999707e-01
2.930000000000000000e+02,1.000000000000000000e+00,2.794999999999999707e-01
2.940000000000000000e+02,1.000000000000000000e+00,2.802499999999999991e-01
2.950000000000000000e+02,1.000000000000000000e+00,2.820000000000000284e-01
2.960000000000000000e+02,1.000000000000000000e+00,2.802499999999999991e-01
2.970000000000000000e+02,1.000000000000000000e+00,2.820000000000000284e-01
2.980000000000000000e+02,1.000000000000000000e+00,2.859999999999999210e-01
2.990000000000000000e+02,1.000000000000000000e+00,2.835000000000000853e-01
3.000000000000000000e+02,1.000000000000000000e+00,2.827500000000000568e-01
3.010000000000000000e+02,1.000000000000000000e+00,2.835000000000000853e-01
3.020000000000000000e+02,1.000000000000000000e+00,2.827500000000000568e-01
3.030000000000000000e+02,1.000000000000000000e+00,2.867499999999999494e-01
3.040000000000000000e+02,1.000000000000000000e+00,2.827500000000000568e-01
3.050000000000000000e+02,1.000000000000000000e+00,2.852500000000001146e-01
3.060000000000000000e+02,1.000000000000000000e+00,2.842499999999999472e-01
3.070000000000000000e+02,1.000000000000000000e+00,2.827500000000000568e-01
3.080000000000000000e+02,1.000000000000000000e+00,2.852500000000001146e-01
3.090000000000000000e+02,1.000000000000000000e+00,2.842499999999999472e-01
3.100000000000000000e+02,1.000000000000000000e+00,2.842499999999999472e-01
3.110000000000000000e+02,1.000000000000000000e+00,2.842499999999999472e-01
3.120000000000000000e+02,1.000000000000000000e+00,2.859999999999999210e-01
3.130000000000000000e+02,1.000000000000000000e+00,2.852500000000001146e-01
3.140000000000000000e+02,1.000000000000000000e+00,2.842499999999999472e-01
3.150000000000000000e+02,1.000000000000000000e+00,2.859999999999999210e-01
3.160000000000000000e+02,1.000000000000000000e+00,2.859999999999999210e-01
3.170000000000000000e+02,1.000000000000000000e+00,2.859999999999999210e-01
3.180000000000000000e+02,1.000000000000000000e+00,2.859999999999999210e-01
3.190000000000000000e+02,1.000000000000000000e+00,2.867499999999999494e-01
3.200000000000000000e+02,1.000000000000000000e+00,2.867499999999999494e-01
3.210000000000000000e+02,1.000000000000000000e+00,2.859999999999999210e-01
3.220000000000000000e+02,1.000000000000000000e+00,2.874999999999999778e-01
3.230000000000000000e+02,1.000000000000000000e+00,2.867499999999999494e-01
3.240000000000000000e+02,1.000000000000000000e+00,2.867499999999999494e-01
3.250000000000000000e+02,1.000000000000000000e+00,2.882500000000000062e-01
3.260000000000000000e+02,1.000000000000000000e+00,2.874999999999999778e-01
3.270000000000000000e+02,1.000000000000000000e+00,2.892500000000000071e-01
3.280000000000000000e+02,1.000000000000000000e+00,2.892500000000000071e-01
3.290000000000000000e+02,1.000000000000000000e+00,2.892500000000000071e-01
3.300000000000000000e+02,1.000000000000000000e+00,2.874999999999999778e-01
3.310000000000000000e+02,1.000000000000000000e+00,2.867499999999999494e-01
3.320000000000000000e+02,1.000000000000000000e+00,2.874999999999999778e-01
3.330000000000000000e+02,1.000000000000000000e+00,2.882500000000000062e-01
3.340000000000000000e+02,1.000000000000000000e+00,2.867499999999999494e-01
3.350000000000000000e+02,1.000000000000000000e+00,2.867499999999999494e-01
3.360000000000000000e+02,1.000000000000000000e+00,2.867499999999999494e-01
3.370000000000000000e+02,1.000000000000000000e+00,2.867499999999999494e-01
3.380000000000000000e+02,1.000000000000000000e+00,2.867499999999999494e-01
3.390000000000000000e+02,1.000000000000000000e+00,2.859999999999999210e-01
3.400000000000000000e+02,1.000000000000000000e+00,2.874999999999999778e-01
3.410000000000000000e+02,1.000000000000000000e+00,2.882500000000000062e-01
3.420000000000000000e+02,1.000000000000000000e+00,2.874999999999999778e-01
3.430000000000000000e+02,1.000000000000000000e+00,2.874999999999999778e-01
3.440000000000000000e+02,1.000000000000000000e+00,2.874999999999999778e-01
3.450000000000000000e+02,1.000000000000000000e+00,2.882500000000000062e-01
3.460000000000000000e+02,1.000000000000000000e+00,2.874999999999999778e-01
3.470000000000000000e+02,1.000000000000000000e+00,2.874999999999999778e-01
3.480000000000000000e+02,1.000000000000000000e+00,2.882500000000000062e-01
3.490000000000000000e+02,1.000000000000000000e+00,2.867499999999999494e-01
3.500000000000000000e+02,1.000000000000000000e+00,2.867499999999999494e-01
3.510000000000000000e+02,1.000000000000000000e+00,2.925000000000000933e-01
3.520000000000000000e+02,1.000000000000000000e+00,2.900000000000000355e-01
3.530000000000000000e+02,1.000000000000000000e+00,2.907500000000000639e-01
3.540000000000000000e+02,1.000000000000000000e+00,2.900000000000000355e-01
3.550000000000000000e+02,1.000000000000000000e+00,2.900000000000000355e-01
3.560000000000000000e+02,1.000000000000000000e+00,2.915000000000000924e-01
3.570000000000000000e+02,1.000000000000000000e+00,2.947499999999999565e-01
3.580000000000000000e+02,1.000000000000000000e+00,2.932499999999998996e-01
3.590000000000000000e+02,1.000000000000000000e+00,2.947499999999999565e-01
3.600000000000000000e+02,1.000000000000000000e+00,2.939999999999999281e-01
3.610000000000000000e+02,1.000000000000000000e+00,2.965000000000001523e-01
3.620000000000000000e+02,1.000000000000000000e+00,2.947499999999999565e-01
3.630000000000000000e+02,1.000000000000000000e+00,2.954999999999999849e-01
3.640000000000000000e+02,1.000000000000000000e+00,2.954999999999999849e-01
3.650000000000000000e+02,1.000000000000000000e+00,2.997500000000000719e-01
3.660000000000000000e+02,1.000000000000000000e+00,2.997500000000000719e-01
3.670000000000000000e+02,1.000000000000000000e+00,2.997500000000000719e-01
3.680000000000000000e+02,1.000000000000000000e+00,2.997500000000000719e-01
3.690000000000000000e+02,1.000000000000000000e+00,3.005000000000001004e-01
3.700000000000000000e+02,1.000000000000000000e+00,3.027500000000001856e-01
3.710000000000000000e+02,1.000000000000000000e+00,3.037499999999999645e-01
3.720000000000000000e+02,1.000000000000000000e+00,3.027500000000001856e-01
3.730000000000000000e+02,1.000000000000000000e+00,3.052500000000000213e-01
3.740000000000000000e+02,1.000000000000000000e+00,3.027500000000001856e-01
3.750000000000000000e+02,1.000000000000000000e+00,3.044999999999999929e-01
3.760000000000000000e+02,1.000000000000000000e+00,3.037499999999999645e-01
3.770000000000000000e+02,1.000000000000000000e+00,3.052500000000000213e-01
3.780000000000000000e+02,1.000000000000000000e+00,3.027500000000001856e-01
3.790000000000000000e+02,1.000000000000000000e+00,3.069999999999998286e-01
3.800000000000000000e+02,1.000000000000000000e+00,3.092499999999999138e-01
3.810000000000000000e+02,1.000000000000000000e+00,3.069999999999998286e-01
3.820000000000000000e+02,1.000000000000000000e+00,3.077499999999998570e-01
3.830000000000000000e+02,1.000000000000000000e+00,3.110000000000001097e-01
3.840000000000000000e+02,1.000000000000000000e+00,3.077499999999998570e-01
3.850000000000000000e+02,1.000000000000000000e+00,3.077499999999998570e-01
3.860000000000000000e+02,1.000000000000000000e+00,3.092499999999999138e-01
3.870000000000000000e+02,1.000000000000000000e+00,3.099999999999999423e-01
3.880000000000000000e+02,1.000000000000000000e+00,3.099999999999999423e-01
3.890000000000000000e+02,1.000000000000000000e+00,3.110000000000001097e-01
3.900000000000000000e+02,1.000000000000000000e+00,3.099999999999999423e-01
3.910000000000000000e+02,1.000000000000000000e+00,3.092499999999999138e-01
3.920000000000000000e+02,1.000000000000000000e+00,3.099999999999999423e-01
3.930000000000000000e+02,1.000000000000000000e+00,3.099999999999999423e-01
3.940000000000000000e+02,1.000000000000000000e+00,3.110000000000001097e-01
3.950000000000000000e+02,1.000000000000000000e+00,3.110000000000001097e-01
3.960000000000000000e+02,1.000000000000000000e+00,3.110000000000001097e-01
3.970000000000000000e+02,1.000000000000000000e+00,3.092499999999999138e-01
3.980000000000000000e+02,1.000000000000000000e+00,3.117500000000001381e-01
3.990000000000000000e+02,1.000000000000000000e+00,3.110000000000001097e-01
4.000000000000000000e+02,1.000000000000000000e+00,3.099999999999999423e-01
4.010000000000000000e+02,1.000000000000000000e+00,3.110000000000001097e-01
4.020000000000000000e+02,1.000000000000000000e+00,3.110000000000001097e-01
4.030000000000000000e+02,1.000000000000000000e+00,3.125000000000001665e-01
4.040000000000000000e+02,1.000000000000000000e+00,3.110000000000001097e-01
4.050000000000000000e+02,1.000000000000000000e+00,3.132499999999998619e-01
4.060000000000000000e+02,1.000000000000000000e+00,3.132499999999998619e-01
4.070000000000000000e+02,1.000000000000000000e+00,3.150000000000000577e-01
4.080000000000000000e+02,1.000000000000000000e+00,3.150000000000000577e-01
4.090000000000000000e+02,1.000000000000000000e+00,3.172500000000001430e-01
4.100000000000000000e+02,1.000000000000000000e+00,3.157500000000000862e-01
4.110000000000000000e+02,1.000000000000000000e+00,3.197499999999999787e-01
4.120000000000000000e+02,1.000000000000000000e+00,3.189999999999999503e-01
4.130000000000000000e+02,1.000000000000000000e+00,3.165000000000001146e-01
4.140000000000000000e+02,1.000000000000000000e+00,3.189999999999999503e-01
4.150000000000000000e+02,1.000000000000000000e+00,3.189999999999999503e-01
4.160000000000000000e+02,1.000000000000000000e+00,3.189999999999999503e-01
4.170000000000000000e+02,1.000000000000000000e+00,3.189999999999999503e-01
4.180000000000000000e+02,1.000000000000000000e+00,3.189999999999999503e-01
4.190000000000000000e+02,1.000000000000000000e+00,3.215000000000001745e-01
4.200000000000000000e+02,1.000000000000000000e+00,3.205000000000000071e-01
4.210000000000000000e+02,1.000000000000000000e+00,3.205000000000000071e-01
4.220000000000000000e+02,1.000000000000000000e+00,3.189999999999999503e-01
4.230000000000000000e+02,1.000000000000000000e+00,3.197499999999999787e-01
4.240000000000000000e+02,1.000000000000000000e+00,3.197499999999999787e-01
4.250000000000000000e+02,1.000000000000000000e+00,3.229999999999998428e-01
4.260000000000000000e+02,1.000000000000000000e+00,3.237499999999998712e-01
4.270000000000000000e+02,1.000000000000000000e+00,3.197499999999999787e-01
4.280000000000000000e+02,1.000000000000000000e+00,3.222500000000002029e-01
4.290000000000000000e+02,1.000000000000000000e+00,3.229999999999998428e-01
4.300000000000000000e+02,1.000000000000000000e+00,3.237499999999998712e-01
4.310000000000000000e+02,1.000000000000000000e+00,3.244999999999998996e-01
4.320000000000000000e+02,1.000000000000000000e+00,3.237499999999998712e-01
4.330000000000000000e+02,1.000000000000000000e+00,3.244999999999998996e-01
4.340000000000000000e+02,1.000000000000000000e+00,3.262500000000000955e-01
4.350000000000000000e+02,1.000000000000000000e+00,3.237499999999998712e-01
4.360000000000000000e+02,1.000000000000000000e+00,3.262500000000000955e-01
4.370000000000000000e+02,1.000000000000000000e+00,3.262500000000000955e-01
4.380000000000000000e+02,1.000000000000000000e+00,3.262500000000000955e-01
4.390000000000000000e+02,1.000000000000000000e+00,3.262500000000000955e-01
4.400000000000000000e+02,1.000000000000000000e+00,3.237499999999998712e-01
4.410000000000000000e+02,1.000000000000000000e+00,3.244999999999998996e-01
4.420000000000000000e+02,1.000000000000000000e+00,3.270000000000001239e-01
4.430000000000000000e+02,1.000000000000000000e+00,3.237499999999998712e-01
4.440000000000000000e+02,1.000000000000000000e+00,3.244999999999998996e-01
4.450000000000000000e+02,1.000000000000000000e+00,3.205000000000000071e-01
4.460000000000000000e+02,1.000000000000000000e+00,3.244999999999998996e-01
4.470000000000000000e+02,1.000000000000000000e+00,3.262500000000000955e-01
4.480000000000000000e+02,1.000000000000000000e+00,3.237499999999998712e-01
4.490000000000000000e+02,1.000000000000000000e+00,3.270000000000001239e-01
4.500000000000000000e+02,1.000000000000000000e+00,3.244999999999998996e-01
4.510000000000000000e+02,1.000000000000000000e+00,3.237499999999998712e-01
4.520000000000000000e+02,1.000000000000000000e+00,3.229999999999998428e-01
4.530000000000000000e+02,1.000000000000000000e+00,3.215000000000001745e-01
4.540000000000000000e+02,1.000000000000000000e+00,3.244999999999998996e-01
4.550000000000000000e+02,1.000000000000000000e+00,3.244999999999998996e-01
4.560000000000000000e+02,1.000000000000000000e+00,3.262500000000000955e-01
4.570000000000000000e+02,1.000000000000000000e+00,3.255000000000000671e-01
4.580000000000000000e+02,1.000000000000000000e+00,3.237499999999998712e-01
4.590000000000000000e+02,1.000000000000000000e+00,3.255000000000000671e-01
4.600000000000000000e+02,1.000000000000000000e+00,3.262500000000000955e-01
4.610000000000000000e+02,1.000000000000000000e+00,3.255000000000000671e-01
4.620000000000000000e+02,1.000000000000000000e+00,3.244999999999998996e-01
4.630000000000000000e+02,1.000000000000000000e+00,3.262500000000000955e-01
4.640000000000000000e+02,1.000000000000000000e+00,3.270000000000001239e-01
4.650000000000000000e+02,1.000000000000000000e+00,3.270000000000001239e-01
4.660000000000000000e+02,1.000000000000000000e+00,3.262500000000000955e-01
4.670000000000000000e+02,1.000000000000000000e+00,3.262500000000000955e-01
4.680000000000000000e+02,1.000000000000000000e+00,3.270000000000001239e-01
4.690000000000000000e+02,1.000000000000000000e+00,3.255000000000000671e-01
4.700000000000000000e+02,1.000000000000000000e+00,3.262500000000000955e-01
4.710000000000000000e+02,1.000000000000000000e+00,3.277500000000001523e-01
4.720000000000000000e+02,1.000000000000000000e+00,3.262500000000000955e-01
4.730000000000000000e+02,1.000000000000000000e+00,3.270000000000001239e-01
4.740000000000000000e+02,1.000000000000000000e+00,3.262500000000000955e-01
4.750000000000000000e+02,1.000000000000000000e+00,3.270000000000001239e-01
4.760000000000000000e+02,1.000000000000000000e+00,3.270000000000001239e-01
4.770000000000000000e+02,1.000000000000000000e+00,3.255000000000000671e-01
4.780000000000000000e+02,1.000000000000000000e+00,3.237499999999998712e-01
4.790000000000000000e+02,1.000000000000000000e+00,3.255000000000000671e-01
4.800000000000000000e+02,1.000000000000000000e+00,3.244999999999998996e-01
4.810000000000000000e+02,1.000000000000000000e+00,3.270000000000001239e-01
4.820000000000000000e+02,1.000000000000000000e+00,3.270000000000001239e-01
4.830000000000000000e+02,1.000000000000000000e+00,3.262500000000000955e-01
4.840000000000000000e+02,1.000000000000000000e+00,3.270000000000001239e-01
4.850000000000000000e+02,1.000000000000000000e+00,3.244999999999998996e-01
4.860000000000000000e+02,1.000000000000000000e+00,3.262500000000000955e-01
4.870000000000000000e+02,1.000000000000000000e+00,3.270000000000001239e-01
4.880000000000000000e+02,1.000000000000000000e+00,3.270000000000001239e-01
4.890000000000000000e+02,1.000000000000000000e+00,3.270000000000001239e-01
4.900000000000000000e+02,1.000000000000000000e+00,3.270000000000001239e-01
4.910000000000000000e+02,1.000000000000000000e+00,3.277500000000001523e-01
4.920000000000000000e+02,1.000000000000000000e+00,3.270000000000001239e-01
4.930000000000000000e+02,1.000000000000000000e+00,3.277500000000001523e-01
4.940000000000000000e+02,1.000000000000000000e+00,3.270000000000001239e-01
4.950000000000000000e+02,1.000000000000000000e+00,3.270000000000001239e-01
4.960000000000000000e+02,1.000000000000000000e+00,3.277500000000001523e-01
4.970000000000000000e+02,1.000000000000000000e+00,3.270000000000001239e-01
4.980000000000000000e+02,1.000000000000000000e+00,3.270000000000001239e-01
4.990000000000000000e+02,1.000000000000000000e+00,3.270000000000001239e-01
5.000000000000000000e+02,1.000000000000000000e+00,3.270000000000001239e-01
5.010000000000000000e+02,1.000000000000000000e+00,3.277500000000001523e-01
5.020000000000000000e+02,1.000000000000000000e+00,3.270000000000001239e-01
5.030000000000000000e+02,1.000000000000000000e+00,3.270000000000001239e-01
5.040000000000000000e+02,1.000000000000000000e+00,3.270000000000001239e-01
5.050000000000000000e+02,1.000000000000000000e+00,3.277500000000001523e-01
5.060000000000000000e+02,1.000000000000000000e+00,3.270000000000001239e-01
5.070000000000000000e+02,1.000000000000000000e+00,3.277500000000001523e-01
5.080000000000000000e+02,1.000000000000000000e+00,3.287499999999999867e-01
5.090000000000000000e+02,1.000000000000000000e+00,3.270000000000001239e-01
5.100000000000000000e+02,1.000000000000000000e+00,3.270000000000001239e-01
5.110000000000000000e+02,1.000000000000000000e+00,3.277500000000001523e-01
5.120000000000000000e+02,1.000000000000000000e+00,3.244999999999998996e-01
5.130000000000000000e+02,1.000000000000000000e+00,3.270000000000001239e-01
5.140000000000000000e+02,1.000000000000000000e+00,3.270000000000001239e-01
5.150000000000000000e+02,1.000000000000000000e+00,3.270000000000001239e-01
5.160000000000000000e+02,1.000000000000000000e+00,3.270000000000001239e-01
5.170000000000000000e+02,1.000000000000000000e+00,3.277500000000001523e-01
5.180000000000000000e+02,1.000000000000000000e+00,3.270000000000001239e-01
5.190000000000000000e+02,1.000000000000000000e+00,3.270000000000001239e-01
5.200000000000000000e+02,1.000000000000000000e+00,3.270000000000001239e-01
5.210000000000000000e+02,1.000000000000000000e+00,3.270000000000001239e-01
5.220000000000000000e+02,1.000000000000000000e+00,3.270000000000001239e-01
5.230000000000000000e+02,1.000000000000000000e+00,3.277500000000001523e-01
5.240000000000000000e+02,1.000000000000000000e+00,3.270000000000001239e-01
5.250000000000000000e+02,1.000000000000000000e+00,3.277500000000001523e-01
5.260000000000000000e+02,1.000000000000000000e+00,3.310000000000000719e-01
5.270000000000000000e+02,1.000000000000000000e+00,3.277500000000001523e-01
5.280000000000000000e+02,1.000000000000000000e+00,3.287499999999999867e-01
5.290000000000000000e+02,1.000000000000000000e+00,3.287499999999999867e-01
5.300000000000000000e+02,1.000000000000000000e+00,3.302500000000000435e-01
5.310000000000000000e+02,1.000000000000000000e+00,3.310000000000000719e-01
5.320000000000000000e+02,1.000000000000000000e+00,3.302500000000000435e-01
5.330000000000000000e+02,1.000000000000000000e+00,3.310000000000000719e-01
5.340000000000000000e+02,1.000000000000000000e+00,3.317500000000001004e-01
5.350000000000000000e+02,1.000000000000000000e+00,3.327499999999998792e-01
5.360000000000000000e+02,1.000000000000000000e+00,3.317500000000001004e-01
5.370000000000000000e+02,1.000000000000000000e+00,3.317500000000001004e-01
5.380000000000000000e+02,1.000000000000000000e+00,3.327499999999998792e-01
5.390000000000000000e+02,1.000000000000000000e+00,3.317500000000001004e-01
5.400000000000000000e+02,1.000000000000000000e+00,3.310000000000000719e-01
5.410000000000000000e+02,1.000000000000000000e+00,3.342499999999999361e-01
5.420000000000000000e+02,1.000000000000000000e+00,3.342499999999999361e-01
5.430000000000000000e+02,1.000000000000000000e+00,3.342499999999999361e-01
5.440000000000000000e+02,1.000000000000000000e+00,3.327499999999998792e-01
5.450000000000000000e+02,1.000000000000000000e+00,3.334999999999999076e-01
5.460000000000000000e+02,1.000000000000000000e+00,3.342499999999999361e-01
5.470000000000000000e+02,1.000000000000000000e+00,3.349999999999999645e-01
5.480000000000000000e+02,1.000000000000000000e+00,3.349999999999999645e-01
5.490000000000000000e+02,1.000000000000000000e+00,3.349999999999999645e-01
5.500000000000000000e+02,1.000000000000000000e+00,3.349999999999999645e-01
5.510000000000000000e+02,1.000000000000000000e+00,3.349999999999999645e-01
5.520000000000000000e+02,1.000000000000000000e+00,3.360000000000001319e-01
5.530000000000000000e+02,1.000000000000000000e+00,3.349999999999999645e-01
5.540000000000000000e+02,1.000000000000000000e+00,3.360000000000001319e-01
5.550000000000000000e+02,1.000000000000000000e+00,3.349999999999999645e-01
5.560000000000000000e+02,1.000000000000000000e+00,3.349999999999999645e-01
5.570000000000000000e+02,1.000000000000000000e+00,3.360000000000001319e-01
5.580000000000000000e+02,1.000000000000000000e+00,3.349999999999999645e-01
5.590000000000000000e+02,1.000000000000000000e+00,3.349999999999999645e-01
5.600000000000000000e+02,1.000000000000000000e+00,3.367500000000001603e-01
5.610000000000000000e+02,1.000000000000000000e+00,3.349999999999999645e-01
5.620000000000000000e+02,1.000000000000000000e+00,3.367500000000001603e-01
5.630000000000000000e+02,1.000000000000000000e+00,3.367500000000001603e-01
5.640000000000000000e+02,1.000000000000000000e+00,3.349999999999999645e-01
5.650000000000000000e+02,1.000000000000000000e+00,3.382499999999998286e-01
5.660000000000000000e+02,1.000000000000000000e+00,3.349999999999999645e-01
5.670000000000000000e+02,1.000000000000000000e+00,3.375000000000001887e-01
5.680000000000000000e+02,1.000000000000000000e+00,3.367500000000001603e-01
5.690000000000000000e+02,1.000000000000000000e+00,3.382499999999998286e-01
5.700000000000000000e+02,1.000000000000000000e+00,3.367500000000001603e-01
5.710000000000000000e+02,1.000000000000000000e+00,3.389999999999998570e-01
5.720000000000000000e+02,1.000000000000000000e+00,3.375000000000001887e-01
5.730000000000000000e+02,1.000000000000000000e+00,3.360000000000001319e-01
5.740000000000000000e+02,1.000000000000000000e+00,3.407500000000000528e-01
5.750000000000000000e+02,1.000000000000000000e+00,3.400000000000000244e-01
5.760000000000000000e+02,1.000000000000000000e+00,3.389999999999998570e-01
5.770000000000000000e+02,1.000000000000000000e+00,3.389999999999998570e-01
5.780000000000000000e+02,1.000000000000000000e+00,3.415000000000000813e-01
5.790000000000000000e+02,1.000000000000000000e+00,3.389999999999998570e-01
5.800000000000000000e+02,1.000000000000000000e+00,3.367500000000001603e-01
5.810000000000000000e+02,1.000000000000000000e+00,3.389999999999998570e-01
5.820000000000000000e+02,1.000000000000000000e+00,3.407500000000000528e-01
5.830000000000000000e+02,1.000000000000000000e+00,3.400000000000000244e-01
5.840000000000000000e+02,1.000000000000000000e+00,3.432499999999999440e-01
5.850000000000000000e+02,1.000000000000000000e+00,3.422500000000001097e-01
5.860000000000000000e+02,1.000000000000000000e+00,3.415000000000000813e-01
5.870000000000000000e+02,1.000000000000000000e+00,3.415000000000000813e-01
5.880000000000000000e+02,1.000000000000000000e+00,3.407500000000000528e-01
5.890000000000000000e+02,1.000000000000000000e+00,3.407500000000000528e-01
5.900000000000000000e+02,1.000000000000000000e+00,3.422500000000001097e-01
5.910000000000000000e+02,1.000000000000000000e+00,3.415000000000000813e-01
5.920000000000000000e+02,1.000000000000000000e+00,3.422500000000001097e-01
5.930000000000000000e+02,1.000000000000000000e+00,3.432499999999999440e-01
5.940000000000000000e+02,1.000000000000000000e+00,3.432499999999999440e-01
5.950000000000000000e+02,1.000000000000000000e+00,3.422500000000001097e-01
5.960000000000000000e+02,1.000000000000000000e+00,3.422500000000001097e-01
5.970000000000000000e+02,1.000000000000000000e+00,3.432499999999999440e-01
5.980000000000000000e+02,1.000000000000000000e+00,3.432499999999999440e-01
5.990000000000000000e+02,1.000000000000000000e+00,3.432499999999999440e-01
6.000000000000000000e+02,1.000000000000000000e+00,3.432499999999999440e-01
6.010000000000000000e+02,1.000000000000000000e+00,3.432499999999999440e-01
6.020000000000000000e+02,1.000000000000000000e+00,3.439999999999999725e-01
6.030000000000000000e+02,1.000000000000000000e+00,3.432499999999999440e-01
6.040000000000000000e+02,1.000000000000000000e+00,3.432499999999999440e-01
6.050000000000000000e+02,1.000000000000000000e+00,3.439999999999999725e-01
6.060000000000000000e+02,1.000000000000000000e+00,3.432499999999999440e-01
6.070000000000000000e+02,1.000000000000000000e+00,3.432499999999999440e-01
6.080000000000000000e+02,1.000000000000000000e+00,3.432499999999999440e-01
6.090000000000000000e+02,1.000000000000000000e+00,3.432499999999999440e-01
6.100000000000000000e+02,1.000000000000000000e+00,3.447500000000000009e-01
6.110000000000000000e+02,1.000000000000000000e+00,3.447500000000000009e-01
6.120000000000000000e+02,1.000000000000000000e+00,3.432499999999999440e-01
6.130000000000000000e+02,1.000000000000000000e+00,3.432499999999999440e-01
6.140000000000000000e+02,1.000000000000000000e+00,3.455000000000000293e-01
6.150000000000000000e+02,1.000000000000000000e+00,3.432499999999999440e-01
6.160000000000000000e+02,1.000000000000000000e+00,3.439999999999999725e-01
6.170000000000000000e+02,1.000000000000000000e+00,3.432499999999999440e-01
6.180000000000000000e+02,1.000000000000000000e+00,3.447500000000000009e-01
6.190000000000000000e+02,1.000000000000000000e+00,3.439999999999999725e-01
6.200000000000000000e+02,1.000000000000000000e+00,3.462500000000000577e-01
6.210000000000000000e+02,1.000000000000000000e+00,3.455000000000000293e-01
6.220000000000000000e+02,1.000000000000000000e+00,3.432499999999999440e-01
6.230000000000000000e+02,1.000000000000000000e+00,3.455000000000000293e-01
6.240000000000000000e+02,1.000000000000000000e+00,3.462500000000000577e-01
6.250000000000000000e+02,1.000000000000000000e+00,3.462500000000000577e-01
6.260000000000000000e+02,1.000000000000000000e+00,3.487499999999998934e-01
6.270000000000000000e+02,1.000000000000000000e+00,3.455000000000000293e-01
6.280000000000000000e+02,1.000000000000000000e+00,3.447500000000000009e-01
6.290000000000000000e+02,1.000000000000000000e+00,3.462500000000000577e-01
6.300000000000000000e+02,1.000000000000000000e+00,3.439999999999999725e-01
6.310000000000000000e+02,1.000000000000000000e+00,3.462500000000000577e-01
6.320000000000000000e+02,1.000000000000000000e+00,3.487499999999998934e-01
6.330000000000000000e+02,1.000000000000000000e+00,3.462500000000000577e-01
6.340000000000000000e+02,1.000000000000000000e+00,3.455000000000000293e-01
6.350000000000000000e+02,1.000000000000000000e+00,3.455000000000000293e-01
6.360000000000000000e+02,1.000000000000000000e+00,3.472500000000001696e-01
6.370000000000000000e+02,1.000000000000000000e+00,3.479999999999998650e-01
6.380000000000000000e+02,1.000000000000000000e+00,3.505000000000000893e-01
6.390000000000000000e+02,1.000000000000000000e+00,3.479999999999998650e-01
6.400000000000000000e+02,1.000000000000000000e+00,3.472500000000001696e-01
6.410000000000000000e+02,1.000000000000000000e+00,3.479999999999998650e-01
6.420000000000000000e+02,1.000000000000000000e+00,3.494999999999999218e-01
6.430000000000000000e+02,1.000000000000000000e+00,3.487499999999998934e-01
6.440000000000000000e+02,1.000000000000000000e+00,3.479999999999998650e-01
6.450000000000000000e+02,1.000000000000000000e+00,3.479999999999998650e-01
6.460000000000000000e+02,1.000000000000000000e+00,3.494999999999999218e-01
6.470000000000000000e+02,1.000000000000000000e+00,3.479999999999998650e-01
6.480000000000000000e+02,1.000000000000000000e+00,3.494999999999999218e-01
6.490000000000000000e+02,1.000000000000000000e+00,3.479999999999998650e-01
6.500000000000000000e+02,1.000000000000000000e+00,3.505000000000000893e-01
6.510000000000000000e+02,1.000000000000000000e+00,3.505000000000000893e-01
6.520000000000000000e+02,1.000000000000000000e+00,3.512500000000001177e-01
6.530000000000000000e+02,1.000000000000000000e+00,3.512500000000001177e-01
6.540000000000000000e+02,1.000000000000000000e+00,3.505000000000000893e-01
6.550000000000000000e+02,1.000000000000000000e+00,3.512500000000001177e-01
6.560000000000000000e+02,1.000000000000000000e+00,3.505000000000000893e-01
6.570000000000000000e+02,1.000000000000000000e+00,3.505000000000000893e-01
6.580000000000000000e+02,1.000000000000000000e+00,3.505000000000000893e-01
6.590000000000000000e+02,1.000000000000000000e+00,3.512500000000001177e-01
6.600000000000000000e+02,1.000000000000000000e+00,3.512500000000001177e-01
6.610000000000000000e+02,1.000000000000000000e+00,3.512500000000001177e-01
6.620000000000000000e+02,1.000000000000000000e+00,3.512500000000001177e-01
6.630000000000000000e+02,1.000000000000000000e+00,3.512500000000001177e-01
6.640000000000000000e+02,1.000000000000000000e+00,3.527500000000001745e-01
6.650000000000000000e+02,1.000000000000000000e+00,3.512500000000001177e-01
6.660000000000000000e+02,1.000000000000000000e+00,3.512500000000001177e-01
6.670000000000000000e+02,1.000000000000000000e+00,3.512500000000001177e-01
6.680000000000000000e+02,1.000000000000000000e+00,3.520000000000001461e-01
6.690000000000000000e+02,1.000000000000000000e+00,3.512500000000001177e-01
6.700000000000000000e+02,1.000000000000000000e+00,3.512500000000001177e-01
6.710000000000000000e+02,1.000000000000000000e+00,3.512500000000001177e-01
6.720000000000000000e+02,1.000000000000000000e+00,3.520000000000001461e-01
6.730000000000000000e+02,1.000000000000000000e+00,3.512500000000001177e-01
6.740000000000000000e+02,1.000000000000000000e+00,3.512500000000001177e-01
6.750000000000000000e+02,1.000000000000000000e+00,3.527500000000001745e-01
6.760000000000000000e+02,1.000000000000000000e+00,3.535000000000002029e-01
6.770000000000000000e+02,1.000000000000000000e+00,3.512500000000001177e-01
6.780000000000000000e+02,1.000000000000000000e+00,3.520000000000001461e-01
6.790000000000000000e+02,1.000000000000000000e+00,3.512500000000001177e-01
6.800000000000000000e+02,1.000000000000000000e+00,3.527500000000001745e-01
6.810000000000000000e+02,1.000000000000000000e+00,3.512500000000001177e-01
6.820000000000000000e+02,1.000000000000000000e+00,3.512500000000001177e-01
6.830000000000000000e+02,1.000000000000000000e+00,3.535000000000002029e-01
6.840000000000000000e+02,1.000000000000000000e+00,3.520000000000001461e-01
6.850000000000000000e+02,1.000000000000000000e+00,3.520000000000001461e-01
6.860000000000000000e+02,1.000000000000000000e+00,3.520000000000001461e-01
6.870000000000000000e+02,1.000000000000000000e+00,3.512500000000001177e-01
6.880000000000000000e+02,1.000000000000000000e+00,3.544999999999999818e-01
6.890000000000000000e+02,1.000000000000000000e+00,3.520000000000001461e-01
6.900000000000000000e+02,1.000000000000000000e+00,3.520000000000001461e-01
6.910000000000000000e+02,1.000000000000000000e+00,3.520000000000001461e-01
6.920000000000000000e+02,1.000000000000000000e+00,3.535000000000002029e-01
6.930000000000000000e+02,1.000000000000000000e+00,3.544999999999999818e-01
6.940000000000000000e+02,1.000000000000000000e+00,3.535000000000002029e-01
6.950000000000000000e+02,1.000000000000000000e+00,3.527500000000001745e-01
6.960000000000000000e+02,1.000000000000000000e+00,3.527500000000001745e-01
6.970000000000000000e+02,1.000000000000000000e+00,3.544999999999999818e-01
6.980000000000000000e+02,1.000000000000000000e+00,3.544999999999999818e-01
6.990000000000000000e+02,1.000000000000000000e+00,3.527500000000001745e-01
7.000000000000000000e+02,1.000000000000000000e+00,3.512500000000001177e-01
7.010000000000000000e+02,1.000000000000000000e+00,3.520000000000001461e-01
7.020000000000000000e+02,1.000000000000000000e+00,3.544999999999999818e-01
7.030000000000000000e+02,1.000000000000000000e+00,3.512500000000001177e-01
7.040000000000000000e+02,1.000000000000000000e+00,3.512500000000001177e-01
7.050000000000000000e+02,1.000000000000000000e+00,3.512500000000001177e-01
7.060000000000000000e+02,1.000000000000000000e+00,3.512500000000001177e-01
7.070000000000000000e+02,1.000000000000000000e+00,3.512500000000001177e-01
7.080000000000000000e+02,1.000000000000000000e+00,3.544999999999999818e-01
7.090000000000000000e+02,1.000000000000000000e+00,3.512500000000001177e-01
7.100000000000000000e+02,1.000000000000000000e+00,3.535000000000002029e-01
7.110000000000000000e+02,1.000000000000000000e+00,3.512500000000001177e-01
7.120000000000000000e+02,1.000000000000000000e+00,3.527500000000001745e-01
