t,MV,PV,DV
0.000000000000000000e+00,3.000000000000000000e+01,6.278999999999999915e+01,5.000000000000000000e+01
1.000000000000000000e+00,3.000000000000000000e+01,6.282999999999999829e+01,5.000000000000000000e+01
2.000000000000000000e+00,3.000000000000000000e+01,6.282999999999999829e+01,5.000000000000000000e+01
3.000000000000000000e+00,3.000000000000000000e+01,6.289000000000000057e+01,5.000000000000000000e+01
4.000000000000000000e+00,3.000000000000000000e+01,6.289000000000000057e+01,5.000000000000000000e+01
5.000000000000000000e+00,3.000000000000000000e+01,6.289000000000000057e+01,5.000000000000000000e+01
6.000000000000000000e+00,3.000000000000000000e+01,6.299000000000000199e+01,5.000000000000000000e+01
7.000000000000000000e+00,3.000000000000000000e+01,6.295000000000000284e+01,5.000000000000000000e+01
8.000000000000000000e+00,3.000000000000000000e+01,6.295000000000000284e+01,5.000000000000000000e+01
9.000000000000000000e+00,3.000000000000000000e+01,6.302000000000000313e+01,5.000000000000000000e+01
1.000000000000000000e+01,7.000000000000000000e+01,6.307999999999999829e+01,5.000000000000000000e+01
1.100000000000000000e+01,7.000000000000000000e+01,6.307999999999999829e+01,5.000000000000000000e+01
1.200000000000000000e+01,7.000000000000000000e+01,6.311999999999999744e+01,5.000000000000000000e+01
1.300000000000000000e+01,7.000000000000000000e+01,6.311999999999999744e+01,5.000000000000000000e+01
1.400000000000000000e+01,7.000000000000000000e+01,6.311999999999999744e+01,5.000000000000000000e+01
1.500000000000000000e+01,7.000000000000000000e+01,6.311999999999999744e+01,5.000000000000000000e+01
1.600000000000000000e+01,7.000000000000000000e+01,6.321000000000000085e+01,5.000000000000000000e+01
1.700000000000000000e+01,7.000000000000000000e+01,6.328000000000000114e+01,5.000000000000000000e+01
1.800000000000000000e+01,7.000000000000000000e+01,6.334000000000000341e+01,5.000000000000000000e+01
1.900000000000000000e+01,7.000000000000000000e+01,6.343999999999999773e+01,5.000000000000000000e+01
2.000000000000000000e+01,7.000000000000000000e+01,6.346999999999999886e+01,5.000000000000000000e+01
2.100000000000000000e+01,7.000000000000000000e+01,6.370000000000000284e+01,5.000000000000000000e+01
2.200000000000000000e+01,7.000000000000000000e+01,6.375999999999999801e+01,5.000000000000000000e+01
2.300000000000000000e+01,7.000000000000000000e+01,6.385999999999999943e+01,5.000000000000000000e+01
2.400000000000000000e+01,7.000000000000000000e+01,6.407999999999999829e+01,5.000000000000000000e+01
2.500000000000000000e+01,7.000000000000000000e+01,6.437000000000000455e+01,5.000000000000000000e+01
2.600000000000000000e+01,7.000000000000000000e+01,6.443999999999999773e+01,5.000000000000000000e+01
2.700000000000000000e+01,7.000000000000000000e+01,6.473000000000000398e+01,5.000000000000000000e+01
2.800000000000000000e+01,7.000000000000000000e+01,6.481999999999999318e+01,5.000000000000000000e+01
2.900000000000000000e+01,7.000000000000000000e+01,6.504999999999999716e+01,5.000000000000000000e+01
3.000000000000000000e+01,7.000000000000000000e+01,6.518000000000000682e+01,5.000000000000000000e+01
3.100000000000000000e+01,7.000000000000000000e+01,6.537000000000000455e+01,5.000000000000000000e+01
3.200000000000000000e+01,7.000000000000000000e+01,6.543999999999999773e+01,5.000000000000000000e+01
3.300000000000000000e+01,7.000000000000000000e+01,6.568999999999999773e+01,5.000000000000000000e+01
3.400000000000000000e+01,7.000000000000000000e+01,6.576000000000000512e+01,5.000000000000000000e+01
3.500000000000000000e+01,7.000000000000000000e+01,6.601999999999999602e+01,5.000000000000000000e+01
3.600000000000000000e+01,7.000000000000000000e+01,6.604999999999999716e+01,5.000000000000000000e+01
3.700000000000000000e+01,7.000000000000000000e+01,6.634000000000000341e+01,5.000000000000000000e+01
3.800000000000000000e+01,7.000000000000000000e+01,6.646999999999999886e+01,5.000000000000000000e+01
3.900000000000000000e+01,7.000000000000000000e+01,6.665999999999999659e+01,5.000000000000000000e+01
4.000000000000000000e+01,7.000000000000000000e+01,6.698000000000000398e+01,5.000000000000000000e+01
4.100000000000000000e+01,7.000000000000000000e+01,6.698000000000000398e+01,5.000000000000000000e+01
4.200000000000000000e+01,7.000000000000000000e+01,6.729999999999999716e+01,5.000000000000000000e+01
4.300000000000000000e+01,7.000000000000000000e+01,6.743000000000000682e+01,5.000000000000000000e+01
4.400000000000000000e+01,7.000000000000000000e+01,6.762999999999999545e+01,5.000000000000000000e+01
4.500000000000000000e+01,7.000000000000000000e+01,6.765999999999999659e+01,5.000000000000000000e+01
4.600000000000000000e+01,7.000000000000000000e+01,6.795000000000000284e+01,5.000000000000000000e+01
4.700000000000000000e+01,7.000000000000000000e+01,6.804999999999999716e+01,5.000000000000000000e+01
4.800000000000000000e+01,7.000000000000000000e+01,6.826999999999999602e+01,5.000000000000000000e+01
4.900000000000000000e+01,7.000000000000000000e+01,6.829999999999999716e+01,5.000000000000000000e+01
5.000000000000000000e+01,7.000000000000000000e+01,6.859000000000000341e+01,5.000000000000000000e+01
5.100000000000000000e+01,7.000000000000000000e+01,6.859000000000000341e+01,5.000000000000000000e+01
5.200000000000000000e+01,7.000000000000000000e+01,6.892000000000000171e+01,5.000000000000000000e+01
5.300000000000000000e+01,7.000000000000000000e+01,6.901000000000000512e+01,5.000000000000000000e+01
5.400000000000000000e+01,7.000000000000000000e+01,6.923999999999999488e+01,5.000000000000000000e+01
5.500000000000000000e+01,7.000000000000000000e+01,6.926999999999999602e+01,5.000000000000000000e+01
5.600000000000000000e+01,7.000000000000000000e+01,6.953000000000000114e+01,5.000000000000000000e+01
5.700000000000000000e+01,7.000000000000000000e+01,6.956000000000000227e+01,5.000000000000000000e+01
5.800000000000000000e+01,7.000000000000000000e+01,6.987999999999999545e+01,5.000000000000000000e+01
5.900000000000000000e+01,7.000000000000000000e+01,6.987999999999999545e+01,5.000000000000000000e+01
6.000000000000000000e+01,7.000000000000000000e+01,7.010999999999999943e+01,5.000000000000000000e+01
6.100000000000000000e+01,7.000000000000000000e+01,7.020999999999999375e+01,5.000000000000000000e+01
6.200000000000000000e+01,7.000000000000000000e+01,7.023999999999999488e+01,5.000000000000000000e+01
6.300000000000000000e+01,7.000000000000000000e+01,7.053000000000000114e+01,5.000000000000000000e+01
6.400000000000000000e+01,7.000000000000000000e+01,7.062000000000000455e+01,5.000000000000000000e+01
6.500000000000000000e+01,7.000000000000000000e+01,7.084999999999999432e+01,5.000000000000000000e+01
6.600000000000000000e+01,7.000000000000000000e+01,7.084999999999999432e+01,5.000000000000000000e+01
6.700000000000000000e+01,7.000000000000000000e+01,7.098000000000000398e+01,5.000000000000000000e+01
6.800000000000000000e+01,7.000000000000000000e+01,7.117000000000000171e+01,5.000000000000000000e+01
6.900000000000000000e+01,7.000000000000000000e+01,7.117000000000000171e+01,5.000000000000000000e+01
7.000000000000000000e+01,7.000000000000000000e+01,7.145999999999999375e+01,5.000000000000000000e+01
7.100000000000000000e+01,7.000000000000000000e+01,7.148999999999999488e+01,5.000000000000000000e+01
7.200000000000000000e+01,7.000000000000000000e+01,7.181999999999999318e+01,5.000000000000000000e+01
7.300000000000000000e+01,7.000000000000000000e+01,7.181999999999999318e+01,5.000000000000000000e+01
7.400000000000000000e+01,7.000000000000000000e+01,7.214000000000000057e+01,5.000000000000000000e+01
7.500000000000000000e+01,7.000000000000000000e+01,7.220000000000000284e+01,5.000000000000000000e+01
7.600000000000000000e+01,7.000000000000000000e+01,7.245999999999999375e+01,5.000000000000000000e+01
7.700000000000000000e+01,7.000000000000000000e+01,7.271999999999999886e+01,5.000000000000000000e+01
7.800000000000000000e+01,7.000000000000000000e+01,7.278000000000000114e+01,5.000000000000000000e+01
7.900000000000000000e+01,7.000000000000000000e+01,7.310999999999999943e+01,5.000000000000000000e+01
8.000000000000000000e+01,7.000000000000000000e+01,7.310999999999999943e+01,5.000000000000000000e+01
8.100000000000000000e+01,7.000000000000000000e+01,7.317000000000000171e+01,5.000000000000000000e+01
8.200000000000000000e+01,7.000000000000000000e+01,7.340000000000000568e+01,5.000000000000000000e+01
8.300000000000000000e+01,7.000000000000000000e+01,7.343000000000000682e+01,5.000000000000000000e+01
8.400000000000000000e+01,7.000000000000000000e+01,7.343000000000000682e+01,5.000000000000000000e+01
8.500000000000000000e+01,7.000000000000000000e+01,7.345999999999999375e+01,5.000000000000000000e+01
8.600000000000000000e+01,7.000000000000000000e+01,7.368999999999999773e+01,5.000000000000000000e+01
8.700000000000000000e+01,7.000000000000000000e+01,7.375000000000000000e+01,5.000000000000000000e+01
8.800000000000000000e+01,7.000000000000000000e+01,7.381000000000000227e+01,5.000000000000000000e+01
8.900000000000000000e+01,7.000000000000000000e+01,7.406999999999999318e+01,5.000000000000000000e+01
9.000000000000000000e+01,7.000000000000000000e+01,7.406999999999999318e+01,5.000000000000000000e+01
9.100000000000000000e+01,7.000000000000000000e+01,7.439000000000000057e+01,5.000000000000000000e+01
9.200000000000000000e+01,7.000000000000000000e+01,7.439000000000000057e+01,5.000000000000000000e+01
9.300000000000000000e+01,7.000000000000000000e+01,7.439000000000000057e+01,5.000000000000000000e+01
9.400000000000000000e+01,7.000000000000000000e+01,7.459000000000000341e+01,5.000000000000000000e+01
9.500000000000000000e+01,7.000000000000000000e+01,7.468000000000000682e+01,5.000000000000000000e+01
9.600000000000000000e+01,7.000000000000000000e+01,7.471999999999999886e+01,5.000000000000000000e+01
9.700000000000000000e+01,7.000000000000000000e+01,7.471999999999999886e+01,5.000000000000000000e+01
9.800000000000000000e+01,7.000000000000000000e+01,7.501000000000000512e+01,5.000000000000000000e+01
9.900000000000000000e+01,7.000000000000000000e+01,7.504000000000000625e+01,5.000000000000000000e+01
1.000000000000000000e+02,7.000000000000000000e+01,7.514000000000000057e+01,5.000000000000000000e+01
1.010000000000000000e+02,7.000000000000000000e+01,7.535999999999999943e+01,5.000000000000000000e+01
1.020000000000000000e+02,7.000000000000000000e+01,7.535999999999999943e+01,5.000000000000000000e+01
1.030000000000000000e+02,7.000000000000000000e+01,7.568000000000000682e+01,5.000000000000000000e+01
1.040000000000000000e+02,7.000000000000000000e+01,7.568000000000000682e+01,5.000000000000000000e+01
1.050000000000000000e+02,7.000000000000000000e+01,7.568000000000000682e+01,5.000000000000000000e+01
1.060000000000000000e+02,7.000000000000000000e+01,7.578000000000000114e+01,5.000000000000000000e+01
1.070000000000000000e+02,7.000000000000000000e+01,7.590999999999999659e+01,5.000000000000000000e+01
1.080000000000000000e+02,7.000000000000000000e+01,7.604000000000000625e+01,5.000000000000000000e+01
1.090000000000000000e+02,7.000000000000000000e+01,7.601000000000000512e+01,5.000000000000000000e+01
1.100000000000000000e+02,7.000000000000000000e+01,7.612999999999999545e+01,5.000000000000000000e+01
1.110000000000000000e+02,7.000000000000000000e+01,7.632999999999999829e+01,5.000000000000000000e+01
1.120000000000000000e+02,7.000000000000000000e+01,7.635999999999999943e+01,5.000000000000000000e+01
1.130000000000000000e+02,7.000000000000000000e+01,7.645999999999999375e+01,5.000000000000000000e+01
1.140000000000000000e+02,7.000000000000000000e+01,7.659000000000000341e+01,5.000000000000000000e+01
1.150000000000000000e+02,7.000000000000000000e+01,7.665000000000000568e+01,5.000000000000000000e+01
1.160000000000000000e+02,7.000000000000000000e+01,7.665000000000000568e+01,5.000000000000000000e+01
1.170000000000000000e+02,7.000000000000000000e+01,7.670999999999999375e+01,5.000000000000000000e+01
1.180000000000000000e+02,7.000000000000000000e+01,7.687999999999999545e+01,5.000000000000000000e+01
1.190000000000000000e+02,7.000000000000000000e+01,7.696999999999999886e+01,5.000000000000000000e+01
1.200000000000000000e+02,7.000000000000000000e+01,7.696999999999999886e+01,5.000000000000000000e+01
1.210000000000000000e+02,7.000000000000000000e+01,7.700000000000000000e+01,5.000000000000000000e+01
1.220000000000000000e+02,7.000000000000000000e+01,7.712999999999999545e+01,5.000000000000000000e+01
1.230000000000000000e+02,7.000000000000000000e+01,7.729000000000000625e+01,5.000000000000000000e+01
1.240000000000000000e+02,7.000000000000000000e+01,7.729000000000000625e+01,5.000000000000000000e+01
1.250000000000000000e+02,7.000000000000000000e+01,7.735999999999999943e+01,5.000000000000000000e+01
1.260000000000000000e+02,7.000000000000000000e+01,7.762000000000000455e+01,5.000000000000000000e+01
1.270000000000000000e+02,7.000000000000000000e+01,7.762000000000000455e+01,5.000000000000000000e+01
1.280000000000000000e+02,7.000000000000000000e+01,7.765000000000000568e+01,5.000000000000000000e+01
1.290000000000000000e+02,7.000000000000000000e+01,7.762000000000000455e+01,5.000000000000000000e+01
1.300000000000000000e+02,7.000000000000000000e+01,7.765000000000000568e+01,5.000000000000000000e+01
1.310000000000000000e+02,7.000000000000000000e+01,7.768000000000000682e+01,5.000000000000000000e+01
1.320000000000000000e+02,7.000000000000000000e+01,7.790999999999999659e+01,5.000000000000000000e+01
1.330000000000000000e+02,7.000000000000000000e+01,7.793999999999999773e+01,5.000000000000000000e+01
1.340000000000000000e+02,7.000000000000000000e+01,7.793999999999999773e+01,5.000000000000000000e+01
1.350000000000000000e+02,7.000000000000000000e+01,7.796999999999999886e+01,5.000000000000000000e+01
1.360000000000000000e+02,7.000000000000000000e+01,7.796999999999999886e+01,5.000000000000000000e+01
1.370000000000000000e+02,7.000000000000000000e+01,7.806999999999999318e+01,5.000000000000000000e+01
1.380000000000000000e+02,7.000000000000000000e+01,7.826000000000000512e+01,5.000000000000000000e+01
1.390000000000000000e+02,7.000000000000000000e+01,7.826000000000000512e+01,5.000000000000000000e+01
1.400000000000000000e+02,7.000000000000000000e+01,7.826000000000000512e+01,5.000000000000000000e+01
1.410000000000000000e+02,7.000000000000000000e+01,7.839000000000000057e+01,5.000000000000000000e+01
1.420000000000000000e+02,7.000000000000000000e+01,7.854999999999999716e+01,5.000000000000000000e+01
1.430000000000000000e+02,7.000000000000000000e+01,7.857999999999999829e+01,5.000000000000000000e+01
1.440000000000000000e+02,7.000000000000000000e+01,7.857999999999999829e+01,5.000000000000000000e+01
1.450000000000000000e+02,7.000000000000000000e+01,7.870999999999999375e+01,5.000000000000000000e+01
1.460000000000000000e+02,7.000000000000000000e+01,7.881000000000000227e+01,5.000000000000000000e+01
1.470000000000000000e+02,7.000000000000000000e+01,7.890999999999999659e+01,5.000000000000000000e+01
1.480000000000000000e+02,7.000000000000000000e+01,7.890999999999999659e+01,5.000000000000000000e+01
1.490000000000000000e+02,7.000000000000000000e+01,7.900000000000000000e+01,5.000000000000000000e+01
1.500000000000000000e+02,7.000000000000000000e+01,7.920000000000000284e+01,5.000000000000000000e+01
1.510000000000000000e+02,7.000000000000000000e+01,7.923000000000000398e+01,5.000000000000000000e+01
1.520000000000000000e+02,7.000000000000000000e+01,7.929000000000000625e+01,5.000000000000000000e+01
1.530000000000000000e+02,7.000000000000000000e+01,7.945000000000000284e+01,5.000000000000000000e+01
1.540000000000000000e+02,7.000000000000000000e+01,7.951999999999999602e+01,5.000000000000000000e+01
1.550000000000000000e+02,7.000000000000000000e+01,7.954999999999999716e+01,5.000000000000000000e+01
1.560000000000000000e+02,7.000000000000000000e+01,7.954999999999999716e+01,5.000000000000000000e+01
1.570000000000000000e+02,7.000000000000000000e+01,7.954999999999999716e+01,5.000000000000000000e+01
1.580000000000000000e+02,7.000000000000000000e+01,7.954999999999999716e+01,5.000000000000000000e+01
1.590000000000000000e+02,7.000000000000000000e+01,7.954999999999999716e+01,5.000000000000000000e+01
1.600000000000000000e+02,7.000000000000000000e+01,7.962000000000000455e+01,5.000000000000000000e+01
1.610000000000000000e+02,7.000000000000000000e+01,7.970999999999999375e+01,5.000000000000000000e+01
1.620000000000000000e+02,7.000000000000000000e+01,7.968000000000000682e+01,5.000000000000000000e+01
1.630000000000000000e+02,7.000000000000000000e+01,7.987000000000000455e+01,5.000000000000000000e+01
1.640000000000000000e+02,7.000000000000000000e+01,7.987000000000000455e+01,5.000000000000000000e+01
1.650000000000000000e+02,7.000000000000000000e+01,7.990999999999999659e+01,5.000000000000000000e+01
1.660000000000000000e+02,7.000000000000000000e+01,7.987000000000000455e+01,5.000000000000000000e+01
1.670000000000000000e+02,7.000000000000000000e+01,8.006999999999999318e+01,5.000000000000000000e+01
1.680000000000000000e+02,7.000000000000000000e+01,8.015999999999999659e+01,5.000000000000000000e+01
1.690000000000000000e+02,7.000000000000000000e+01,8.015999999999999659e+01,5.000000000000000000e+01
1.700000000000000000e+02,7.000000000000000000e+01,8.020000000000000284e+01,5.000000000000000000e+01
1.710000000000000000e+02,7.000000000000000000e+01,8.020000000000000284e+01,5.000000000000000000e+01
1.720000000000000000e+02,7.000000000000000000e+01,8.020000000000000284e+01,5.000000000000000000e+01
1.730000000000000000e+02,7.000000000000000000e+01,8.020000000000000284e+01,5.000000000000000000e+01
1.740000000000000000e+02,7.000000000000000000e+01,8.023000000000000398e+01,5.000000000000000000e+01
1.750000000000000000e+02,7.000000000000000000e+01,8.031999999999999318e+01,5.000000000000000000e+01
1.760000000000000000e+02,7.000000000000000000e+01,8.031999999999999318e+01,5.000000000000000000e+01
1.770000000000000000e+02,7.000000000000000000e+01,8.045000000000000284e+01,5.000000000000000000e+01
1.780000000000000000e+02,7.000000000000000000e+01,8.051999999999999602e+01,5.000000000000000000e+01
1.790000000000000000e+02,7.000000000000000000e+01,8.065000000000000568e+01,5.000000000000000000e+01
1.800000000000000000e+02,7.000000000000000000e+01,8.065000000000000568e+01,5.000000000000000000e+01
1.810000000000000000e+02,7.000000000000000000e+01,8.065000000000000568e+01,5.000000000000000000e+01
1.820000000000000000e+02,7.000000000000000000e+01,8.081000000000000227e+01,5.000000000000000000e+01
1.830000000000000000e+02,7.000000000000000000e+01,8.084000000000000341e+01,5.000000000000000000e+01
1.840000000000000000e+02,7.000000000000000000e+01,8.084000000000000341e+01,5.000000000000000000e+01
1.850000000000000000e+02,7.000000000000000000e+01,8.084000000000000341e+01,5.000000000000000000e+01
1.860000000000000000e+02,7.000000000000000000e+01,8.084000000000000341e+01,5.000000000000000000e+01
1.870000000000000000e+02,7.000000000000000000e+01,8.084000000000000341e+01,5.000000000000000000e+01
1.880000000000000000e+02,7.000000000000000000e+01,8.084000000000000341e+01,5.000000000000000000e+01
1.890000000000000000e+02,7.000000000000000000e+01,8.087000000000000455e+01,5.000000000000000000e+01
1.900000000000000000e+02,7.000000000000000000e+01,8.093999999999999773e+01,5.000000000000000000e+01
1.910000000000000000e+02,7.000000000000000000e+01,8.087000000000000455e+01,5.000000000000000000e+01
1.920000000000000000e+02,7.000000000000000000e+01,8.109999999999999432e+01,5.000000000000000000e+01
1.930000000000000000e+02,7.000000000000000000e+01,8.112999999999999545e+01,5.000000000000000000e+01
1.940000000000000000e+02,7.000000000000000000e+01,8.115999999999999659e+01,5.000000000000000000e+01
1.950000000000000000e+02,7.000000000000000000e+01,8.118999999999999773e+01,5.000000000000000000e+01
1.960000000000000000e+02,7.000000000000000000e+01,8.129000000000000625e+01,5.000000000000000000e+01
1.970000000000000000e+02,7.000000000000000000e+01,8.145000000000000284e+01,5.000000000000000000e+01
1.980000000000000000e+02,7.000000000000000000e+01,8.145000000000000284e+01,5.000000000000000000e+01
1.990000000000000000e+02,7.000000000000000000e+01,8.148000000000000398e+01,5.000000000000000000e+01
2.000000000000000000e+02,7.000000000000000000e+01,8.151999999999999602e+01,5.000000000000000000e+01
2.010000000000000000e+02,7.000000000000000000e+01,8.168000000000000682e+01,5.000000000000000000e+01
2.020000000000000000e+02,7.000000000000000000e+01,8.181000000000000227e+01,5.000000000000000000e+01
2.030000000000000000e+02,7.000000000000000000e+01,8.181000000000000227e+01,5.000000000000000000e+01
2.040000000000000000e+02,7.000000000000000000e+01,8.181000000000000227e+01,5.000000000000000000e+01
2.050000000000000000e+02,7.000000000000000000e+01,8.181000000000000227e+01,5.000000000000000000e+01
2.060000000000000000e+02,7.000000000000000000e+01,8.181000000000000227e+01,5.000000000000000000e+01
2.070000000000000000e+02,7.000000000000000000e+01,8.181000000000000227e+01,5.000000000000000000e+01
2.080000000000000000e+02,7.000000000000000000e+01,8.184000000000000341e+01,5.000000000000000000e+01
2.090000000000000000e+02,7.000000000000000000e+01,8.187000000000000455e+01,5.000000000000000000e+01
2.100000000000000000e+02,7.000000000000000000e+01,8.187000000000000455e+01,5.000000000000000000e+01
2.110000000000000000e+02,7.000000000000000000e+01,8.212999999999999545e+01,5.000000000000000000e+01
2.120000000000000000e+02,7.000000000000000000e+01,8.209999999999999432e+01,5.000000000000000000e+01
2.130000000000000000e+02,7.000000000000000000e+01,8.209999999999999432e+01,5.000000000000000000e+01
2.140000000000000000e+02,7.000000000000000000e+01,8.212999999999999545e+01,5.000000000000000000e+01
2.150000000000000000e+02,7.000000000000000000e+01,8.212999999999999545e+01,5.000000000000000000e+01
2.160000000000000000e+02,7.000000000000000000e+01,8.209999999999999432e+01,5.000000000000000000e+01
2.170000000000000000e+02,7.000000000000000000e+01,8.212999999999999545e+01,5.000000000000000000e+01
2.180000000000000000e+02,7.000000000000000000e+01,8.212999999999999545e+01,5.000000000000000000e+01
2.190000000000000000e+02,7.000000000000000000e+01,8.212999999999999545e+01,5.000000000000000000e+01
2.200000000000000000e+02,7.000000000000000000e+01,8.215999999999999659e+01,5.000000000000000000e+01
2.210000000000000000e+02,7.000000000000000000e+01,8.223000000000000398e+01,5.000000000000000000e+01
2.220000000000000000e+02,7.000000000000000000e+01,8.218999999999999773e+01,5.000000000000000000e+01
2.230000000000000000e+02,7.000000000000000000e+01,8.226000000000000512e+01,5.000000000000000000e+01
2.240000000000000000e+02,7.000000000000000000e+01,8.223000000000000398e+01,5.000000000000000000e+01
2.250000000000000000e+02,7.000000000000000000e+01,8.226000000000000512e+01,5.000000000000000000e+01
2.260000000000000000e+02,7.000000000000000000e+01,8.239000000000000057e+01,5.000000000000000000e+01
2.270000000000000000e+02,7.000000000000000000e+01,8.239000000000000057e+01,5.000000000000000000e+01
2.280000000000000000e+02,7.000000000000000000e+01,8.242000000000000171e+01,5.000000000000000000e+01
2.290000000000000000e+02,7.000000000000000000e+01,8.245000000000000284e+01,5.000000000000000000e+01
2.300000000000000000e+02,7.000000000000000000e+01,8.245000000000000284e+01,5.000000000000000000e+01
2.310000000000000000e+02,7.000000000000000000e+01,8.245000000000000284e+01,5.000000000000000000e+01
2.320000000000000000e+02,7.000000000000000000e+01,8.245000000000000284e+01,5.000000000000000000e+01
2.330000000000000000e+02,7.000000000000000000e+01,8.245000000000000284e+01,5.000000000000000000e+01
2.340000000000000000e+02,7.000000000000000000e+01,8.273999999999999488e+01,5.000000000000000000e+01
2.350000000000000000e+02,7.000000000000000000e+01,8.276999999999999602e+01,5.000000000000000000e+01
2.360000000000000000e+02,7.000000000000000000e+01,8.276999999999999602e+01,5.000000000000000000e+01
2.370000000000000000e+02,7.000000000000000000e+01,8.276999999999999602e+01,5.000000000000000000e+01
2.380000000000000000e+02,7.000000000000000000e+01,8.276999999999999602e+01,5.000000000000000000e+01
2.390000000000000000e+02,7.000000000000000000e+01,8.284000000000000341e+01,5.000000000000000000e+01
2.400000000000000000e+02,7.000000000000000000e+01,8.276999999999999602e+01,5.000000000000000000e+01
2.410000000000000000e+02,7.000000000000000000e+01,8.276999999999999602e+01,5.000000000000000000e+01
2.420000000000000000e+02,7.000000000000000000e+01,8.276999999999999602e+01,5.000000000000000000e+01
2.430000000000000000e+02,7.000000000000000000e+01,8.276999999999999602e+01,5.000000000000000000e+01
2.440000000000000000e+02,7.000000000000000000e+01,8.276999999999999602e+01,5.000000000000000000e+01
2.450000000000000000e+02,7.000000000000000000e+01,8.276999999999999602e+01,5.000000000000000000e+01
2.460000000000000000e+02,7.000000000000000000e+01,8.276999999999999602e+01,5.000000000000000000e+01
2.470000000000000000e+02,7.000000000000000000e+01,8.276999999999999602e+01,5.000000000000000000e+01
2.480000000000000000e+02,7.000000000000000000e+01,8.284000000000000341e+01,5.000000000000000000e+01
2.490000000000000000e+02,7.000000000000000000e+01,8.303000000000000114e+01,5.000000000000000000e+01
2.500000000000000000e+02,7.000000000000000000e+01,8.303000000000000114e+01,5.000000000000000000e+01
2.510000000000000000e+02,7.000000000000000000e+01,8.309999999999999432e+01,5.000000000000000000e+01
2.520000000000000000e+02,7.000000000000000000e+01,8.309999999999999432e+01,5.000000000000000000e+01
2.530000000000000000e+02,7.000000000000000000e+01,8.329000000000000625e+01,5.000000000000000000e+01
2.540000000000000000e+02,7.000000000000000000e+01,8.334999999999999432e+01,5.000000000000000000e+01
2.550000000000000000e+02,7.000000000000000000e+01,8.342000000000000171e+01,5.000000000000000000e+01
2.560000000000000000e+02,7.000000000000000000e+01,8.342000000000000171e+01,5.000000000000000000e+01
2.570000000000000000e+02,7.000000000000000000e+01,8.342000000000000171e+01,5.000000000000000000e+01
2.580000000000000000e+02,7.000000000000000000e+01,8.342000000000000171e+01,5.000000000000000000e+01
2.590000000000000000e+02,7.000000000000000000e+01,8.345000000000000284e+01,5.000000000000000000e+01
2.600000000000000000e+02,7.000000000000000000e+01,8.342000000000000171e+01,5.000000000000000000e+01
2.610000000000000000e+02,7.000000000000000000e+01,8.345000000000000284e+01,5.000000000000000000e+01
2.620000000000000000e+02,7.000000000000000000e+01,8.342000000000000171e+01,5.000000000000000000e+01
2.630000000000000000e+02,7.000000000000000000e+01,8.357999999999999829e+01,5.000000000000000000e+01
2.640000000000000000e+02,7.000000000000000000e+01,8.373999999999999488e+01,5.000000000000000000e+01
2.650000000000000000e+02,7.000000000000000000e+01,8.373999999999999488e+01,5.000000000000000000e+01
2.660000000000000000e+02,7.000000000000000000e+01,8.373999999999999488e+01,5.000000000000000000e+01
2.670000000000000000e+02,7.000000000000000000e+01,8.373999999999999488e+01,5.000000000000000000e+01
2.680000000000000000e+02,7.000000000000000000e+01,8.373999999999999488e+01,5.000000000000000000e+01
2.690000000000000000e+02,7.000000000000000000e+01,8.373999999999999488e+01,5.000000000000000000e+01
2.700000000000000000e+02,7.000000000000000000e+01,8.373999999999999488e+01,5.000000000000000000e+01
2.710000000000000000e+02,7.000000000000000000e+01,8.373999999999999488e+01,5.000000000000000000e+01
2.720000000000000000e+02,7.000000000000000000e+01,8.373999999999999488e+01,5.000000000000000000e+01
2.730000000000000000e+02,7.000000000000000000e+01,8.379999999999999716e+01,5.000000000000000000e+01
2.740000000000000000e+02,7.000000000000000000e+01,8.390000000000000568e+01,5.000000000000000000e+01
2.750000000000000000e+02,7.000000000000000000e+01,8.396999999999999886e+01,5.000000000000000000e+01
2.760000000000000000e+02,7.000000000000000000e+01,8.396999999999999886e+01,5.000000000000000000e+01
2.770000000000000000e+02,7.000000000000000000e+01,8.403000000000000114e+01,5.000000000000000000e+01
2.780000000000000000e+02,7.000000000000000000e+01,8.406000000000000227e+01,5.000000000000000000e+01
2.790000000000000000e+02,7.000000000000000000e+01,8.406000000000000227e+01,5.000000000000000000e+01
2.800000000000000000e+02,7.000000000000000000e+01,8.421999999999999886e+01,5.000000000000000000e+01
2.810000000000000000e+02,7.000000000000000000e+01,8.437999999999999545e+01,5.000000000000000000e+01
2.820000000000000000e+02,7.000000000000000000e+01,8.437999999999999545e+01,5.000000000000000000e+01
2.830000000000000000e+02,7.000000000000000000e+01,8.437999999999999545e+01,5.000000000000000000e+01
2.840000000000000000e+02,7.000000000000000000e+01,8.437999999999999545e+01,5.000000000000000000e+01
2.850000000000000000e+02,7.000000000000000000e+01,8.437999999999999545e+01,5.000000000000000000e+01
2.860000000000000000e+02,7.000000000000000000e+01,8.437999999999999545e+01,5.000000000000000000e+01
2.870000000000000000e+02,7.000000000000000000e+01,8.437999999999999545e+01,5.000000000000000000e+01
2.880000000000000000e+02,7.000000000000000000e+01,8.437999999999999545e+01,5.000000000000000000e+01
2.890000000000000000e+02,7.000000000000000000e+01,8.437999999999999545e+01,5.000000000000000000e+01
2.900000000000000000e+02,7.000000000000000000e+01,8.437999999999999545e+01,5.000000000000000000e+01
2.910000000000000000e+02,7.000000000000000000e+01,8.431999999999999318e+01,5.000000000000000000e+01
2.920000000000000000e+02,7.000000000000000000e+01,8.434999999999999432e+01,5.000000000000000000e+01
2.930000000000000000e+02,7.000000000000000000e+01,8.431999999999999318e+01,5.000000000000000000e+01
2.940000000000000000e+02,7.000000000000000000e+01,8.437999999999999545e+01,5.000000000000000000e+01
2.950000000000000000e+02,7.000000000000000000e+01,8.437999999999999545e+01,5.000000000000000000e+01
2.960000000000000000e+02,7.000000000000000000e+01,8.437999999999999545e+01,5.000000000000000000e+01
2.970000000000000000e+02,7.000000000000000000e+01,8.437999999999999545e+01,5.000000000000000000e+01
2.980000000000000000e+02,7.000000000000000000e+01,8.437999999999999545e+01,5.000000000000000000e+01
2.990000000000000000e+02,7.000000000000000000e+01,8.437999999999999545e+01,5.000000000000000000e+01
3.000000000000000000e+02,7.000000000000000000e+01,8.437999999999999545e+01,5.000000000000000000e+01
3.010000000000000000e+02,7.000000000000000000e+01,8.437999999999999545e+01,5.000000000000000000e+01
3.020000000000000000e+02,7.000000000000000000e+01,8.437999999999999545e+01,5.000000000000000000e+01
3.030000000000000000e+02,7.000000000000000000e+01,8.431999999999999318e+01,5.000000000000000000e+01
3.040000000000000000e+02,7.000000000000000000e+01,8.434999999999999432e+01,5.000000000000000000e+01
3.050000000000000000e+02,7.000000000000000000e+01,8.429000000000000625e+01,5.000000000000000000e+01
3.060000000000000000e+02,7.000000000000000000e+01,8.434999999999999432e+01,5.000000000000000000e+01
3.070000000000000000e+02,7.000000000000000000e+01,8.434999999999999432e+01,5.000000000000000000e+01
3.080000000000000000e+02,7.000000000000000000e+01,8.437999999999999545e+01,5.000000000000000000e+01
3.090000000000000000e+02,3.000000000000000000e+01,8.434999999999999432e+01,5.000000000000000000e+01
3.100000000000000000e+02,3.000000000000000000e+01,8.434999999999999432e+01,5.000000000000000000e+01
3.110000000000000000e+02,3.000000000000000000e+01,8.421999999999999886e+01,5.000000000000000000e+01
3.120000000000000000e+02,3.000000000000000000e+01,8.431999999999999318e+01,5.000000000000000000e+01
3.130000000000000000e+02,3.000000000000000000e+01,8.418999999999999773e+01,5.000000000000000000e+01
3.140000000000000000e+02,3.000000000000000000e+01,8.415999999999999659e+01,5.000000000000000000e+01
3.150000000000000000e+02,3.000000000000000000e+01,8.412999999999999545e+01,5.000000000000000000e+01
3.160000000000000000e+02,3.000000000000000000e+01,8.412999999999999545e+01,5.000000000000000000e+01
3.170000000000000000e+02,3.000000000000000000e+01,8.406000000000000227e+01,5.000000000000000000e+01
3.180000000000000000e+02,3.000000000000000000e+01,8.406000000000000227e+01,5.000000000000000000e+01
3.190000000000000000e+02,3.000000000000000000e+01,8.406000000000000227e+01,5.000000000000000000e+01
3.200000000000000000e+02,3.000000000000000000e+01,8.403000000000000114e+01,5.000000000000000000e+01
3.210000000000000000e+02,3.000000000000000000e+01,8.379999999999999716e+01,5.000000000000000000e+01
3.220000000000000000e+02,3.000000000000000000e+01,8.373999999999999488e+01,5.000000000000000000e+01
3.230000000000000000e+02,3.000000000000000000e+01,8.373999999999999488e+01,5.000000000000000000e+01
3.240000000000000000e+02,3.000000000000000000e+01,8.373999999999999488e+01,5.000000000000000000e+01
3.250000000000000000e+02,3.000000000000000000e+01,8.373999999999999488e+01,5.000000000000000000e+01
3.260000000000000000e+02,3.000000000000000000e+01,8.348000000000000398e+01,5.000000000000000000e+01
3.270000000000000000e+02,3.000000000000000000e+01,8.342000000000000171e+01,5.000000000000000000e+01
3.280000000000000000e+02,3.000000000000000000e+01,8.309999999999999432e+01,5.000000000000000000e+01
3.290000000000000000e+02,3.000000000000000000e+01,8.309999999999999432e+01,5.000000000000000000e+01
3.300000000000000000e+02,3.000000000000000000e+01,8.296999999999999886e+01,5.000000000000000000e+01
3.310000000000000000e+02,3.000000000000000000e+01,8.276999999999999602e+01,5.000000000000000000e+01
3.320000000000000000e+02,3.000000000000000000e+01,8.264000000000000057e+01,5.000000000000000000e+01
3.330000000000000000e+02,3.000000000000000000e+01,8.245000000000000284e+01,5.000000000000000000e+01
3.340000000000000000e+02,3.000000000000000000e+01,8.245000000000000284e+01,5.000000000000000000e+01
3.350000000000000000e+02,3.000000000000000000e+01,8.212999999999999545e+01,5.000000000000000000e+01
3.360000000000000000e+02,3.000000000000000000e+01,8.212999999999999545e+01,5.000000000000000000e+01
3.370000000000000000e+02,3.000000000000000000e+01,8.200000000000000000e+01,5.000000000000000000e+01
3.380000000000000000e+02,3.000000000000000000e+01,8.184000000000000341e+01,5.000000000000000000e+01
3.390000000000000000e+02,3.000000000000000000e+01,8.181000000000000227e+01,5.000000000000000000e+01
3.400000000000000000e+02,3.000000000000000000e+01,8.173999999999999488e+01,5.000000000000000000e+01
3.410000000000000000e+02,3.000000000000000000e+01,8.148000000000000398e+01,5.000000000000000000e+01
3.420000000000000000e+02,3.000000000000000000e+01,8.131999999999999318e+01,5.000000000000000000e+01
3.430000000000000000e+02,3.000000000000000000e+01,8.115999999999999659e+01,5.000000000000000000e+01
3.440000000000000000e+02,3.000000000000000000e+01,8.093999999999999773e+01,5.000000000000000000e+01
3.450000000000000000e+02,3.000000000000000000e+01,8.084000000000000341e+01,5.000000000000000000e+01
3.460000000000000000e+02,3.000000000000000000e+01,8.068000000000000682e+01,5.000000000000000000e+01
3.470000000000000000e+02,3.000000000000000000e+01,8.051999999999999602e+01,5.000000000000000000e+01
3.480000000000000000e+02,3.000000000000000000e+01,8.051999999999999602e+01,5.000000000000000000e+01
3.490000000000000000e+02,3.000000000000000000e+01,8.020000000000000284e+01,5.000000000000000000e+01
3.500000000000000000e+02,3.000000000000000000e+01,8.020000000000000284e+01,5.000000000000000000e+01
3.510000000000000000e+02,3.000000000000000000e+01,8.015999999999999659e+01,5.000000000000000000e+01
3.520000000000000000e+02,3.000000000000000000e+01,7.987000000000000455e+01,5.000000000000000000e+01
3.530000000000000000e+02,3.000000000000000000e+01,7.987000000000000455e+01,5.000000000000000000e+01
3.540000000000000000e+02,3.000000000000000000e+01,7.957999999999999829e+01,5.000000000000000000e+01
3.550000000000000000e+02,3.000000000000000000e+01,7.954999999999999716e+01,5.000000000000000000e+01
3.560000000000000000e+02,3.000000000000000000e+01,7.945000000000000284e+01,5.000000000000000000e+01
3.570000000000000000e+02,3.000000000000000000e+01,7.923000000000000398e+01,5.000000000000000000e+01
3.580000000000000000e+02,3.000000000000000000e+01,7.893999999999999773e+01,5.000000000000000000e+01
3.590000000000000000e+02,3.000000000000000000e+01,7.890999999999999659e+01,5.000000000000000000e+01
3.600000000000000000e+02,3.000000000000000000e+01,7.870999999999999375e+01,5.000000000000000000e+01
3.610000000000000000e+02,3.000000000000000000e+01,7.857999999999999829e+01,5.000000000000000000e+01
3.620000000000000000e+02,3.000000000000000000e+01,7.832999999999999829e+01,5.000000000000000000e+01
3.630000000000000000e+02,3.000000000000000000e+01,7.826000000000000512e+01,5.000000000000000000e+01
3.640000000000000000e+02,3.000000000000000000e+01,7.826000000000000512e+01,5.000000000000000000e+01
3.650000000000000000e+02,3.000000000000000000e+01,7.793999999999999773e+01,5.000000000000000000e+01
3.660000000000000000e+02,3.000000000000000000e+01,7.790999999999999659e+01,5.000000000000000000e+01
3.670000000000000000e+02,3.000000000000000000e+01,7.762000000000000455e+01,5.000000000000000000e+01
3.680000000000000000e+02,3.000000000000000000e+01,7.762000000000000455e+01,5.000000000000000000e+01
3.690000000000000000e+02,3.000000000000000000e+01,7.754999999999999716e+01,5.000000000000000000e+01
3.700000000000000000e+02,3.000000000000000000e+01,7.748999999999999488e+01,5.000000000000000000e+01
3.710000000000000000e+02,3.000000000000000000e+01,7.729000000000000625e+01,5.000000000000000000e+01
3.720000000000000000e+02,3.000000000000000000e+01,7.717000000000000171e+01,5.000000000000000000e+01
3.730000000000000000e+02,3.000000000000000000e+01,7.696999999999999886e+01,5.000000000000000000e+01
3.740000000000000000e+02,3.000000000000000000e+01,7.696999999999999886e+01,5.000000000000000000e+01
3.750000000000000000e+02,3.000000000000000000e+01,7.665000000000000568e+01,5.000000000000000000e+01
3.760000000000000000e+02,3.000000000000000000e+01,7.665000000000000568e+01,5.000000000000000000e+01
3.770000000000000000e+02,3.000000000000000000e+01,7.642000000000000171e+01,5.000000000000000000e+01
3.780000000000000000e+02,3.000000000000000000e+01,7.632999999999999829e+01,5.000000000000000000e+01
3.790000000000000000e+02,3.000000000000000000e+01,7.632999999999999829e+01,5.000000000000000000e+01
3.800000000000000000e+02,3.000000000000000000e+01,7.623000000000000398e+01,5.000000000000000000e+01
3.810000000000000000e+02,3.000000000000000000e+01,7.601000000000000512e+01,5.000000000000000000e+01
3.820000000000000000e+02,3.000000000000000000e+01,7.601000000000000512e+01,5.000000000000000000e+01
3.830000000000000000e+02,3.000000000000000000e+01,7.601000000000000512e+01,5.000000000000000000e+01
3.840000000000000000e+02,3.000000000000000000e+01,7.593999999999999773e+01,5.000000000000000000e+01
3.850000000000000000e+02,3.000000000000000000e+01,7.575000000000000000e+01,5.000000000000000000e+01
3.860000000000000000e+02,3.000000000000000000e+01,7.568000000000000682e+01,5.000000000000000000e+01
3.870000000000000000e+02,3.000000000000000000e+01,7.568000000000000682e+01,5.000000000000000000e+01
3.880000000000000000e+02,3.000000000000000000e+01,7.554999999999999716e+01,5.000000000000000000e+01
3.890000000000000000e+02,3.000000000000000000e+01,7.535999999999999943e+01,5.000000000000000000e+01
3.900000000000000000e+02,3.000000000000000000e+01,7.539000000000000057e+01,5.000000000000000000e+01
3.910000000000000000e+02,3.000000000000000000e+01,7.535999999999999943e+01,5.000000000000000000e+01
3.920000000000000000e+02,3.000000000000000000e+01,7.529999999999999716e+01,5.000000000000000000e+01
3.930000000000000000e+02,3.000000000000000000e+01,7.514000000000000057e+01,5.000000000000000000e+01
3.940000000000000000e+02,3.000000000000000000e+01,7.504000000000000625e+01,5.000000000000000000e+01
3.950000000000000000e+02,3.000000000000000000e+01,7.504000000000000625e+01,5.000000000000000000e+01
3.960000000000000000e+02,3.000000000000000000e+01,7.504000000000000625e+01,5.000000000000000000e+01
3.970000000000000000e+02,3.000000000000000000e+01,7.504000000000000625e+01,5.000000000000000000e+01
3.980000000000000000e+02,3.000000000000000000e+01,7.504000000000000625e+01,5.000000000000000000e+01
3.990000000000000000e+02,3.000000000000000000e+01,7.490999999999999659e+01,5.000000000000000000e+01
4.000000000000000000e+02,3.000000000000000000e+01,7.471999999999999886e+01,5.000000000000000000e+01
4.010000000000000000e+02,3.000000000000000000e+01,7.471999999999999886e+01,5.000000000000000000e+01
4.020000000000000000e+02,3.000000000000000000e+01,7.471999999999999886e+01,5.000000000000000000e+01
4.030000000000000000e+02,3.000000000000000000e+01,7.451999999999999602e+01,5.000000000000000000e+01
4.040000000000000000e+02,3.000000000000000000e+01,7.439000000000000057e+01,5.000000000000000000e+01
4.050000000000000000e+02,3.000000000000000000e+01,7.439000000000000057e+01,5.000000000000000000e+01
4.060000000000000000e+02,3.000000000000000000e+01,7.406999999999999318e+01,5.000000000000000000e+01
4.070000000000000000e+02,3.000000000000000000e+01,7.406999999999999318e+01,5.000000000000000000e+01
4.080000000000000000e+02,3.000000000000000000e+01,7.406999999999999318e+01,5.000000000000000000e+01
4.090000000000000000e+02,3.000000000000000000e+01,7.390999999999999659e+01,5.000000000000000000e+01
4.100000000000000000e+02,3.000000000000000000e+01,7.375000000000000000e+01,5.000000000000000000e+01
4.110000000000000000e+02,3.000000000000000000e+01,7.375000000000000000e+01,5.000000000000000000e+01
4.120000000000000000e+02,3.000000000000000000e+01,7.375000000000000000e+01,5.000000000000000000e+01
4.130000000000000000e+02,3.000000000000000000e+01,7.359000000000000341e+01,5.000000000000000000e+01
4.140000000000000000e+02,3.000000000000000000e+01,7.343000000000000682e+01,5.000000000000000000e+01
4.150000000000000000e+02,3.000000000000000000e+01,7.345999999999999375e+01,5.000000000000000000e+01
4.160000000000000000e+02,3.000000000000000000e+01,7.343000000000000682e+01,5.000000000000000000e+01
4.170000000000000000e+02,3.000000000000000000e+01,7.343000000000000682e+01,5.000000000000000000e+01
4.180000000000000000e+02,3.000000000000000000e+01,7.343000000000000682e+01,5.000000000000000000e+01
4.190000000000000000e+02,3.000000000000000000e+01,7.329999999999999716e+01,5.000000000000000000e+01
4.200000000000000000e+02,3.000000000000000000e+01,7.326999999999999602e+01,5.000000000000000000e+01
4.210000000000000000e+02,3.000000000000000000e+01,7.310999999999999943e+01,5.000000000000000000e+01
4.220000000000000000e+02,3.000000000000000000e+01,7.310999999999999943e+01,5.000000000000000000e+01
4.230000000000000000e+02,3.000000000000000000e+01,7.310999999999999943e+01,5.000000000000000000e+01
4.240000000000000000e+02,3.000000000000000000e+01,7.310999999999999943e+01,5.000000000000000000e+01
4.250000000000000000e+02,3.000000000000000000e+01,7.284999999999999432e+01,5.000000000000000000e+01
4.260000000000000000e+02,3.000000000000000000e+01,7.278000000000000114e+01,5.000000000000000000e+01
4.270000000000000000e+02,3.000000000000000000e+01,7.278000000000000114e+01,5.000000000000000000e+01
4.280000000000000000e+02,3.000000000000000000e+01,7.275000000000000000e+01,5.000000000000000000e+01
4.290000000000000000e+02,3.000000000000000000e+01,7.265000000000000568e+01,5.000000000000000000e+01
4.300000000000000000e+02,3.000000000000000000e+01,7.259000000000000341e+01,5.000000000000000000e+01
4.310000000000000000e+02,3.000000000000000000e+01,7.265000000000000568e+01,5.000000000000000000e+01
4.320000000000000000e+02,3.000000000000000000e+01,7.253000000000000114e+01,5.000000000000000000e+01
4.330000000000000000e+02,3.000000000000000000e+01,7.245999999999999375e+01,5.000000000000000000e+01
4.340000000000000000e+02,3.000000000000000000e+01,7.245999999999999375e+01,5.000000000000000000e+01
4.350000000000000000e+02,3.000000000000000000e+01,7.245999999999999375e+01,5.000000000000000000e+01
4.360000000000000000e+02,3.000000000000000000e+01,7.245999999999999375e+01,5.000000000000000000e+01
4.370000000000000000e+02,3.000000000000000000e+01,7.226999999999999602e+01,5.000000000000000000e+01
4.380000000000000000e+02,3.000000000000000000e+01,7.214000000000000057e+01,5.000000000000000000e+01
4.390000000000000000e+02,3.000000000000000000e+01,7.214000000000000057e+01,5.000000000000000000e+01
4.400000000000000000e+02,3.000000000000000000e+01,7.181999999999999318e+01,5.000000000000000000e+01
4.410000000000000000e+02,3.000000000000000000e+01,7.181999999999999318e+01,5.000000000000000000e+01
4.420000000000000000e+02,3.000000000000000000e+01,7.181999999999999318e+01,5.000000000000000000e+01
4.430000000000000000e+02,3.000000000000000000e+01,7.178000000000000114e+01,5.000000000000000000e+01
4.440000000000000000e+02,3.000000000000000000e+01,7.165999999999999659e+01,5.000000000000000000e+01
4.450000000000000000e+02,3.000000000000000000e+01,7.148999999999999488e+01,5.000000000000000000e+01
4.460000000000000000e+02,3.000000000000000000e+01,7.165999999999999659e+01,5.000000000000000000e+01
4.470000000000000000e+02,3.000000000000000000e+01,7.148999999999999488e+01,5.000000000000000000e+01
4.480000000000000000e+02,3.000000000000000000e+01,7.148999999999999488e+01,5.000000000000000000e+01
4.490000000000000000e+02,3.000000000000000000e+01,7.148999999999999488e+01,5.000000000000000000e+01
4.500000000000000000e+02,3.000000000000000000e+01,7.140000000000000568e+01,5.000000000000000000e+01
4.510000000000000000e+02,3.000000000000000000e+01,7.120000000000000284e+01,5.000000000000000000e+01
4.520000000000000000e+02,3.000000000000000000e+01,7.117000000000000171e+01,5.000000000000000000e+01
4.530000000000000000e+02,3.000000000000000000e+01,7.117000000000000171e+01,5.000000000000000000e+01
4.540000000000000000e+02,3.000000000000000000e+01,7.117000000000000171e+01,5.000000000000000000e+01
4.550000000000000000e+02,3.000000000000000000e+01,7.114000000000000057e+01,5.000000000000000000e+01
4.560000000000000000e+02,3.000000000000000000e+01,7.095000000000000284e+01,5.000000000000000000e+01
4.570000000000000000e+02,3.000000000000000000e+01,7.101000000000000512e+01,5.000000000000000000e+01
4.580000000000000000e+02,3.000000000000000000e+01,7.084999999999999432e+01,5.000000000000000000e+01
4.590000000000000000e+02,3.000000000000000000e+01,7.084999999999999432e+01,5.000000000000000000e+01
4.600000000000000000e+02,3.000000000000000000e+01,7.084999999999999432e+01,5.000000000000000000e+01
4.610000000000000000e+02,3.000000000000000000e+01,7.084999999999999432e+01,5.000000000000000000e+01
4.620000000000000000e+02,3.000000000000000000e+01,7.084999999999999432e+01,5.000000000000000000e+01
4.630000000000000000e+02,3.000000000000000000e+01,7.075000000000000000e+01,5.000000000000000000e+01
4.640000000000000000e+02,3.000000000000000000e+01,7.062000000000000455e+01,5.000000000000000000e+01
4.650000000000000000e+02,3.000000000000000000e+01,7.062000000000000455e+01,5.000000000000000000e+01
4.660000000000000000e+02,3.000000000000000000e+01,7.056000000000000227e+01,5.000000000000000000e+01
4.670000000000000000e+02,3.000000000000000000e+01,7.053000000000000114e+01,5.000000000000000000e+01
4.680000000000000000e+02,3.000000000000000000e+01,7.053000000000000114e+01,5.000000000000000000e+01
4.690000000000000000e+02,3.000000000000000000e+01,7.053000000000000114e+01,5.000000000000000000e+01
4.700000000000000000e+02,3.000000000000000000e+01,7.053000000000000114e+01,5.000000000000000000e+01
4.710000000000000000e+02,3.000000000000000000e+01,7.053000000000000114e+01,5.000000000000000000e+01
4.720000000000000000e+02,3.000000000000000000e+01,7.043000000000000682e+01,5.000000000000000000e+01
4.730000000000000000e+02,3.000000000000000000e+01,7.020999999999999375e+01,5.000000000000000000e+01
4.740000000000000000e+02,3.000000000000000000e+01,7.020999999999999375e+01,5.000000000000000000e+01
4.750000000000000000e+02,3.000000000000000000e+01,7.020999999999999375e+01,5.000000000000000000e+01
4.760000000000000000e+02,3.000000000000000000e+01,7.020999999999999375e+01,5.000000000000000000e+01
4.770000000000000000e+02,3.000000000000000000e+01,7.010999999999999943e+01,5.000000000000000000e+01
4.780000000000000000e+02,3.000000000000000000e+01,7.004000000000000625e+01,5.000000000000000000e+01
4.790000000000000000e+02,3.000000000000000000e+01,7.001000000000000512e+01,5.000000000000000000e+01
4.800000000000000000e+02,3.000000000000000000e+01,6.987999999999999545e+01,5.000000000000000000e+01
4.810000000000000000e+02,3.000000000000000000e+01,6.987999999999999545e+01,5.000000000000000000e+01
4.820000000000000000e+02,3.000000000000000000e+01,6.987999999999999545e+01,5.000000000000000000e+01
4.830000000000000000e+02,3.000000000000000000e+01,6.987999999999999545e+01,5.000000000000000000e+01
4.840000000000000000e+02,3.000000000000000000e+01,6.987999999999999545e+01,5.000000000000000000e+01
4.850000000000000000e+02,3.000000000000000000e+01,6.981999999999999318e+01,5.000000000000000000e+01
4.860000000000000000e+02,3.000000000000000000e+01,6.979000000000000625e+01,5.000000000000000000e+01
4.870000000000000000e+02,3.000000000000000000e+01,6.965999999999999659e+01,5.000000000000000000e+01
4.880000000000000000e+02,3.000000000000000000e+01,6.975000000000000000e+01,5.000000000000000000e+01
4.890000000000000000e+02,3.000000000000000000e+01,6.962999999999999545e+01,5.000000000000000000e+01
4.900000000000000000e+02,3.000000000000000000e+01,6.959000000000000341e+01,5.000000000000000000e+01
4.910000000000000000e+02,3.000000000000000000e+01,6.956000000000000227e+01,5.000000000000000000e+01
4.920000000000000000e+02,3.000000000000000000e+01,6.953000000000000114e+01,5.000000000000000000e+01
4.930000000000000000e+02,3.000000000000000000e+01,6.956000000000000227e+01,5.000000000000000000e+01
4.940000000000000000e+02,3.000000000000000000e+01,6.956000000000000227e+01,5.000000000000000000e+01
4.950000000000000000e+02,3.000000000000000000e+01,6.953000000000000114e+01,5.000000000000000000e+01
4.960000000000000000e+02,3.000000000000000000e+01,6.940000000000000568e+01,5.000000000000000000e+01
4.970000000000000000e+02,3.000000000000000000e+01,6.956000000000000227e+01,5.000000000000000000e+01
4.980000000000000000e+02,3.000000000000000000e+01,6.956000000000000227e+01,5.000000000000000000e+01
4.990000000000000000e+02,3.000000000000000000e+01,6.945999999999999375e+01,5.000000000000000000e+01
5.000000000000000000e+02,3.000000000000000000e+01,6.956000000000000227e+01,5.000000000000000000e+01
5.010000000000000000e+02,3.000000000000000000e+01,6.956000000000000227e+01,5.000000000000000000e+01
5.020000000000000000e+02,3.000000000000000000e+01,6.956000000000000227e+01,5.000000000000000000e+01
5.030000000000000000e+02,3.000000000000000000e+01,6.932999999999999829e+01,5.000000000000000000e+01
5.040000000000000000e+02,3.000000000000000000e+01,6.923999999999999488e+01,5.000000000000000000e+01
5.050000000000000000e+02,3.000000000000000000e+01,6.923999999999999488e+01,5.000000000000000000e+01
5.060000000000000000e+02,3.000000000000000000e+01,6.920999999999999375e+01,5.000000000000000000e+01
5.070000000000000000e+02,3.000000000000000000e+01,6.923999999999999488e+01,5.000000000000000000e+01
5.080000000000000000e+02,3.000000000000000000e+01,6.920999999999999375e+01,5.000000000000000000e+01
5.090000000000000000e+02,3.000000000000000000e+01,6.917000000000000171e+01,5.000000000000000000e+01
5.100000000000000000e+02,3.000000000000000000e+01,6.907999999999999829e+01,5.000000000000000000e+01
5.110000000000000000e+02,3.000000000000000000e+01,6.907999999999999829e+01,5.000000000000000000e+01
5.120000000000000000e+02,3.000000000000000000e+01,6.901000000000000512e+01,5.000000000000000000e+01
5.130000000000000000e+02,3.000000000000000000e+01,6.895000000000000284e+01,5.000000000000000000e+01
5.140000000000000000e+02,3.000000000000000000e+01,6.901000000000000512e+01,5.000000000000000000e+01
5.150000000000000000e+02,3.000000000000000000e+01,6.895000000000000284e+01,5.000000000000000000e+01
5.160000000000000000e+02,3.000000000000000000e+01,6.892000000000000171e+01,5.000000000000000000e+01
5.170000000000000000e+02,3.000000000000000000e+01,6.892000000000000171e+01,5.000000000000000000e+01
5.180000000000000000e+02,3.000000000000000000e+01,6.887999999999999545e+01,5.000000000000000000e+01
5.190000000000000000e+02,3.000000000000000000e+01,6.887999999999999545e+01,5.000000000000000000e+01
5.200000000000000000e+02,3.000000000000000000e+01,6.892000000000000171e+01,5.000000000000000000e+01
5.210000000000000000e+02,3.000000000000000000e+01,6.892000000000000171e+01,5.000000000000000000e+01
5.220000000000000000e+02,3.000000000000000000e+01,6.865999999999999659e+01,5.000000000000000000e+01
5.230000000000000000e+02,3.000000000000000000e+01,6.859000000000000341e+01,5.000000000000000000e+01
5.240000000000000000e+02,3.000000000000000000e+01,6.859000000000000341e+01,5.000000000000000000e+01
5.250000000000000000e+02,3.000000000000000000e+01,6.859000000000000341e+01,5.000000000000000000e+01
5.260000000000000000e+02,3.000000000000000000e+01,6.859000000000000341e+01,5.000000000000000000e+01
5.270000000000000000e+02,3.000000000000000000e+01,6.859000000000000341e+01,5.000000000000000000e+01
5.280000000000000000e+02,3.000000000000000000e+01,6.840000000000000568e+01,5.000000000000000000e+01
5.290000000000000000e+02,3.000000000000000000e+01,6.829999999999999716e+01,5.000000000000000000e+01
5.300000000000000000e+02,3.000000000000000000e+01,6.826999999999999602e+01,5.000000000000000000e+01
5.310000000000000000e+02,3.000000000000000000e+01,6.823999999999999488e+01,5.000000000000000000e+01
5.320000000000000000e+02,3.000000000000000000e+01,6.804999999999999716e+01,5.000000000000000000e+01
5.330000000000000000e+02,3.000000000000000000e+01,6.804999999999999716e+01,5.000000000000000000e+01
5.340000000000000000e+02,3.000000000000000000e+01,6.826999999999999602e+01,5.000000000000000000e+01
5.350000000000000000e+02,3.000000000000000000e+01,6.826999999999999602e+01,5.000000000000000000e+01
5.360000000000000000e+02,3.000000000000000000e+01,6.820999999999999375e+01,5.000000000000000000e+01
5.370000000000000000e+02,3.000000000000000000e+01,6.810999999999999943e+01,5.000000000000000000e+01
5.380000000000000000e+02,3.000000000000000000e+01,6.798000000000000398e+01,5.000000000000000000e+01
5.390000000000000000e+02,3.000000000000000000e+01,6.795000000000000284e+01,5.000000000000000000e+01
5.400000000000000000e+02,3.000000000000000000e+01,6.795000000000000284e+01,5.000000000000000000e+01
5.410000000000000000e+02,3.000000000000000000e+01,6.795000000000000284e+01,5.000000000000000000e+01
5.420000000000000000e+02,3.000000000000000000e+01,6.795000000000000284e+01,5.000000000000000000e+01
5.430000000000000000e+02,3.000000000000000000e+01,6.795000000000000284e+01,5.000000000000000000e+01
5.440000000000000000e+02,3.000000000000000000e+01,6.798000000000000398e+01,5.000000000000000000e+01
5.450000000000000000e+02,3.000000000000000000e+01,6.795000000000000284e+01,5.000000000000000000e+01
5.460000000000000000e+02,3.000000000000000000e+01,6.795000000000000284e+01,5.000000000000000000e+01
5.470000000000000000e+02,3.000000000000000000e+01,6.795000000000000284e+01,5.000000000000000000e+01
5.480000000000000000e+02,3.000000000000000000e+01,6.795000000000000284e+01,5.000000000000000000e+01
5.490000000000000000e+02,3.000000000000000000e+01,6.795000000000000284e+01,5.000000000000000000e+01
5.500000000000000000e+02,3.000000000000000000e+01,6.795000000000000284e+01,5.000000000000000000e+01
5.510000000000000000e+02,3.000000000000000000e+01,6.795000000000000284e+01,5.000000000000000000e+01
5.520000000000000000e+02,3.000000000000000000e+01,6.795000000000000284e+01,5.000000000000000000e+01
5.530000000000000000e+02,3.000000000000000000e+01,6.795000000000000284e+01,5.000000000000000000e+01
5.540000000000000000e+02,3.000000000000000000e+01,6.795000000000000284e+01,5.000000000000000000e+01
5.550000000000000000e+02,3.000000000000000000e+01,6.795000000000000284e+01,5.000000000000000000e+01
5.560000000000000000e+02,3.000000000000000000e+01,6.795000000000000284e+01,5.000000000000000000e+01
5.570000000000000000e+02,3.000000000000000000e+01,6.792000000000000171e+01,5.000000000000000000e+01
5.580000000000000000e+02,3.000000000000000000e+01,6.795000000000000284e+01,5.000000000000000000e+01
5.590000000000000000e+02,3.000000000000000000e+01,6.792000000000000171e+01,5.000000000000000000e+01
5.600000000000000000e+02,3.000000000000000000e+01,6.795000000000000284e+01,5.000000000000000000e+01
5.610000000000000000e+02,3.000000000000000000e+01,6.787999999999999545e+01,5.000000000000000000e+01
5.620000000000000000e+02,3.000000000000000000e+01,6.768999999999999773e+01,5.000000000000000000e+01
5.630000000000000000e+02,3.000000000000000000e+01,6.762999999999999545e+01,5.000000000000000000e+01
5.640000000000000000e+02,3.000000000000000000e+01,6.762999999999999545e+01,5.000000000000000000e+01
5.650000000000000000e+02,3.000000000000000000e+01,6.762999999999999545e+01,5.000000000000000000e+01
5.660000000000000000e+02,3.000000000000000000e+01,6.762999999999999545e+01,5.000000000000000000e+01
5.670000000000000000e+02,3.000000000000000000e+01,6.762999999999999545e+01,5.000000000000000000e+01
5.680000000000000000e+02,3.000000000000000000e+01,6.762999999999999545e+01,5.000000000000000000e+01
5.690000000000000000e+02,3.000000000000000000e+01,6.762999999999999545e+01,5.000000000000000000e+01
5.700000000000000000e+02,3.000000000000000000e+01,6.759000000000000341e+01,5.000000000000000000e+01
5.710000000000000000e+02,3.000000000000000000e+01,6.762999999999999545e+01,5.000000000000000000e+01
5.720000000000000000e+02,3.000000000000000000e+01,6.762999999999999545e+01,5.000000000000000000e+01
5.730000000000000000e+02,3.000000000000000000e+01,6.759000000000000341e+01,5.000000000000000000e+01
5.740000000000000000e+02,3.000000000000000000e+01,6.753000000000000114e+01,5.000000000000000000e+01
5.750000000000000000e+02,3.000000000000000000e+01,6.737000000000000455e+01,5.000000000000000000e+01
5.760000000000000000e+02,3.000000000000000000e+01,6.729999999999999716e+01,5.000000000000000000e+01
5.770000000000000000e+02,3.000000000000000000e+01,6.737000000000000455e+01,5.000000000000000000e+01
5.780000000000000000e+02,3.000000000000000000e+01,6.729999999999999716e+01,5.000000000000000000e+01
5.790000000000000000e+02,3.000000000000000000e+01,6.729999999999999716e+01,5.000000000000000000e+01
5.800000000000000000e+02,3.000000000000000000e+01,6.729999999999999716e+01,5.000000000000000000e+01
5.810000000000000000e+02,3.000000000000000000e+01,6.726999999999999602e+01,5.000000000000000000e+01
5.820000000000000000e+02,3.000000000000000000e+01,6.729999999999999716e+01,5.000000000000000000e+01
5.830000000000000000e+02,3.000000000000000000e+01,6.729999999999999716e+01,5.000000000000000000e+01
5.840000000000000000e+02,3.000000000000000000e+01,6.720999999999999375e+01,5.000000000000000000e+01
5.850000000000000000e+02,3.000000000000000000e+01,6.707999999999999829e+01,5.000000000000000000e+01
5.860000000000000000e+02,3.000000000000000000e+01,6.710999999999999943e+01,5.000000000000000000e+01
5.870000000000000000e+02,3.000000000000000000e+01,6.710999999999999943e+01,5.000000000000000000e+01
5.880000000000000000e+02,3.000000000000000000e+01,6.704999999999999716e+01,5.000000000000000000e+01
5.890000000000000000e+02,3.000000000000000000e+01,6.710999999999999943e+01,5.000000000000000000e+01
5.900000000000000000e+02,3.000000000000000000e+01,6.704999999999999716e+01,5.000000000000000000e+01
5.910000000000000000e+02,3.000000000000000000e+01,6.698000000000000398e+01,5.000000000000000000e+01
5.920000000000000000e+02,3.000000000000000000e+01,6.698000000000000398e+01,5.000000000000000000e+01
5.930000000000000000e+02,3.000000000000000000e+01,6.698000000000000398e+01,5.000000000000000000e+01
5.940000000000000000e+02,3.000000000000000000e+01,6.698000000000000398e+01,5.000000000000000000e+01
5.950000000000000000e+02,3.000000000000000000e+01,6.698000000000000398e+01,5.000000000000000000e+01
5.960000000000000000e+02,3.000000000000000000e+01,6.698000000000000398e+01,5.000000000000000000e+01
5.970000000000000000e+02,3.000000000000000000e+01,6.698000000000000398e+01,5.000000000000000000e+01
5.980000000000000000e+02,3.000000000000000000e+01,6.698000000000000398e+01,5.000000000000000000e+01
5.990000000000000000e+02,3.000000000000000000e+01,6.698000000000000398e+01,5.000000000000000000e+01
6.000000000000000000e+02,3.000000000000000000e+01,6.684999999999999432e+01,5.000000000000000000e+01
6.010000000000000000e+02,3.000000000000000000e+01,6.665999999999999659e+01,5.000000000000000000e+01
6.020000000000000000e+02,3.000000000000000000e+01,6.665999999999999659e+01,5.000000000000000000e+01
6.030000000000000000e+02,3.000000000000000000e+01,6.665999999999999659e+01,5.000000000000000000e+01
6.040000000000000000e+02,3.000000000000000000e+01,6.668999999999999773e+01,5.000000000000000000e+01
6.050000000000000000e+02,3.000000000000000000e+01,6.668999999999999773e+01,5.000000000000000000e+01
6.060000000000000000e+02,3.000000000000000000e+01,6.665999999999999659e+01,5.000000000000000000e+01
6.070000000000000000e+02,3.000000000000000000e+01,6.689000000000000057e+01,5.000000000000000000e+01
6.080000000000000000e+02,3.000000000000000000e+01,6.692000000000000171e+01,5.000000000000000000e+01
6.090000000000000000e+02,3.000000000000000000e+01,6.695000000000000284e+01,5.000000000000000000e+01
6.100000000000000000e+02,3.000000000000000000e+01,6.689000000000000057e+01,5.000000000000000000e+01
6.110000000000000000e+02,3.000000000000000000e+01,6.689000000000000057e+01,5.000000000000000000e+01
6.120000000000000000e+02,3.000000000000000000e+01,6.676000000000000512e+01,5.000000000000000000e+01
6.130000000000000000e+02,3.000000000000000000e+01,6.695000000000000284e+01,5.000000000000000000e+01
6.140000000000000000e+02,3.000000000000000000e+01,6.692000000000000171e+01,5.000000000000000000e+01
6.150000000000000000e+02,3.000000000000000000e+01,6.698000000000000398e+01,5.000000000000000000e+01
6.160000000000000000e+02,3.000000000000000000e+01,6.692000000000000171e+01,5.000000000000000000e+01
6.170000000000000000e+02,3.000000000000000000e+01,6.668999999999999773e+01,5.000000000000000000e+01
6.180000000000000000e+02,3.000000000000000000e+01,6.665999999999999659e+01,5.000000000000000000e+01
6.190000000000000000e+02,3.000000000000000000e+01,6.665999999999999659e+01,5.000000000000000000e+01
6.200000000000000000e+02,3.000000000000000000e+01,6.665999999999999659e+01,5.000000000000000000e+01
6.210000000000000000e+02,3.000000000000000000e+01,6.665999999999999659e+01,5.000000000000000000e+01
6.220000000000000000e+02,3.000000000000000000e+01,6.665999999999999659e+01,5.000000000000000000e+01
6.230000000000000000e+02,3.000000000000000000e+01,6.665999999999999659e+01,5.000000000000000000e+01
6.240000000000000000e+02,3.000000000000000000e+01,6.665999999999999659e+01,5.000000000000000000e+01
6.250000000000000000e+02,3.000000000000000000e+01,6.665999999999999659e+01,5.000000000000000000e+01
6.260000000000000000e+02,3.000000000000000000e+01,6.665999999999999659e+01,5.000000000000000000e+01
6.270000000000000000e+02,3.000000000000000000e+01,6.662999999999999545e+01,5.000000000000000000e+01
6.280000000000000000e+02,3.000000000000000000e+01,6.662999999999999545e+01,5.000000000000000000e+01
6.290000000000000000e+02,3.000000000000000000e+01,6.665999999999999659e+01,5.000000000000000000e+01
6.300000000000000000e+02,3.000000000000000000e+01,6.665999999999999659e+01,5.000000000000000000e+01
6.310000000000000000e+02,3.000000000000000000e+01,6.665999999999999659e+01,5.000000000000000000e+01
6.320000000000000000e+02,3.000000000000000000e+01,6.665999999999999659e+01,5.000000000000000000e+01
6.330000000000000000e+02,3.000000000000000000e+01,6.665999999999999659e+01,5.000000000000000000e+01
6.340000000000000000e+02,3.000000000000000000e+01,6.665999999999999659e+01,5.000000000000000000e+01
6.350000000000000000e+02,3.000000000000000000e+01,6.665999999999999659e+01,5.000000000000000000e+01
6.360000000000000000e+02,3.000000000000000000e+01,6.665999999999999659e+01,5.000000000000000000e+01
6.370000000000000000e+02,3.000000000000000000e+01,6.665999999999999659e+01,5.000000000000000000e+01
6.380000000000000000e+02,3.000000000000000000e+01,6.665999999999999659e+01,5.000000000000000000e+01
6.390000000000000000e+02,3.000000000000000000e+01,6.665999999999999659e+01,5.000000000000000000e+01
6.400000000000000000e+02,3.000000000000000000e+01,6.665999999999999659e+01,5.000000000000000000e+01
6.410000000000000000e+02,3.000000000000000000e+01,6.665999999999999659e+01,5.000000000000000000e+01
6.420000000000000000e+02,3.000000000000000000e+01,6.665999999999999659e+01,5.000000000000000000e+01
6.430000000000000000e+02,3.000000000000000000e+01,6.656000000000000227e+01,5.000000000000000000e+01
6.440000000000000000e+02,3.000000000000000000e+01,6.659999999999999432e+01,5.000000000000000000e+01
